210
8 38 2
7 51 2
7 53 2
7 60 2
7 61 2
7 64 2
7 67 2
7 75 2
7 77 2
7 80 2
7 82 2
7 87 2
7 114 2
7 119 2
7 129 2
7 159 2
7 160 2
7 162 2
7 169 2
7 171 2
8 186 2
8 194 2
8 199 2
7 202 2
7 206 2
7 214 2
8 223 2
8 227 2
7 229 2
8 231 2
8 234 2
7 238 2
8 239 2
7 244 2
8 249 2
8 250 2
8 253 2
8 261 2
8 262 2
8 265 2
8 266 2
7 267 2
7 272 2
7 274 2
8 275 2
7 282 2
7 283 2
8 284 2
7 291 2
7 293 2
8 294 2
8 303 2
7 306 2
7 307 2
8 308 2
8 309 2
8 310 2
8 311 2
8 312 2
7 316 2
8 318 2
8 319 2
8 320 2
8 321 2
7 324 2
7 326 2
8 329 2
7 333 2
8 336 2
7 338 2
7 339 2
8 344 2
8 348 2
7 350 2
7 351 2
9 357 2
7 361 2
7 364 2
8 371 2
8 382 2
8 391 2
8 393 2
6 398 2
7 400 2
8 401 2
7 408 2
8 409 2
8 410 2
7 414 2
8 428 2
8 437 2
7 445 2
7 451 2
7 456 2
7 464 2
8 468 2
7 473 2
7 474 2
7 475 2
7 487 2
7 488 2
7 489 2
7 490 2
7 491 2
7 492 2
7 493 2
7 494 2
7 495 2
7 496 2
7 497 2
7 498 2
8 499 2
8 500 2
8 505 2
8 506 2
8 507 2
8 508 2
8 509 2
8 510 2
8 511 2
8 512 2
8 513 2
8 514 2
8 515 2
8 516 2
8 517 2
7 522 2
7 523 2
8 526 2
8 527 2
8 528 2
8 529 2
8 530 2
7 538 2
7 539 2
7 540 2
7 541 2
7 542 2
8 545 2
7 549 2
7 550 2
8 551 2
8 554 2
7 557 2
8 559 2
7 567 2
7 571 2
7 576 2
7 579 2
7 580 2
7 594 2
7 600 2
7 602 2
7 607 2
7 609 2
7 610 2
8 620 2
7 626 2
8 634 2
8 637 2
7 640 2
8 646 2
8 650 2
8 656 2
7 665 2
7 677 2
8 681 2
8 682 2
7 694 2
8 696 2
8 712 2
8 723 2
7 725 2
7 728 2
7 734 2
7 741 2
9 746 2
6 747 2
9 748 2
6 749 2
7 790 2
8 793 2
8 794 2
8 805 2
8 807 2
8 810 2
8 811 2
8 813 2
8 815 2
8 821 2
8 822 2
7 850 2
6 851 2
7 852 2
8 853 2
6 854 2
9 855 2
8 856 2
9 857 2
7 1136 2
8 1137 2
8 1141 2
8 1142 2
8 1144 2
8 1146 2
8 1148 2
8 1150 2
8 1151 2
8 1153 2
8 1157 2
