710
0 0 0
0.0005 0 0
0.0005 0.01 0
0 0.01 0
0.0001 0 0
0.0002 0 0
0.0003 0 0
0.0004 0 0
0.0005 0.0001 0
0.0005 0.0002 0
0.0005 0.0003 0
0.0005 0.0004 0
0.0005 0.0005 0
0.0005 0.0006 0
0.0005 0.0007 0
0.0005 0.0008 0
0.0005 0.0009 0
0.0005 0.001 0
0.0005 0.0011 0
0.0005 0.0012 0
0.0005 0.0013 0
0.0005 0.0014 0
0.0005 0.0015 0
0.0005 0.0016 0
0.0005 0.0017 0
0.0005 0.0018 0
0.0005 0.0019 0
0.0005 0.002 0
0.0005 0.0021 0
0.0005 0.0022 0
0.0005 0.0023 0
0.0005 0.0024 0
0.0005 0.0025 0
0.0005 0.0026 0
0.0005 0.0027 0
0.0005 0.0028 0
0.0005 0.0029 0
0.0005 0.003 0
0.0005 0.0031 0
0.0005 0.0032 0
0.0005 0.0033 0
0.0005 0.0034 0
0.0005 0.0035 0
0.0005 0.0036 0
0.0005 0.0037 0
0.0005 0.0038 0
0.0005 0.0039 0
0.0005 0.004 0
0.0005 0.0041 0
0.0005 0.0042 0
0.0005 0.0043 0
0.0005 0.0044 0
0.0005 0.0045 0
0.0005 0.0046 0
0.0005 0.0047 0
0.0005 0.0048 0
0.0005 0.0049 0
0.0005 0.005 0
0.0005 0.0051 0
0.0005 0.0052 0
0.0005 0.0053 0
0.0005 0.0054 0
0.0005 0.0055 0
0.0005 0.0056 0
0.0005 0.0057 0
0.0005 0.0058 0
0.0005 0.0059 0
0.0005 0.006 0
0.0005 0.0061 0
0.0005 0.0062 0
0.0005 0.0063 0
0.0005 0.0064 0
0.0005 0.0065 0
0.0005 0.0066 0
0.0005 0.0067 0
0.0005 0.0068 0
0.0005 0.0069 0
0.0005 0.007 0
0.0005 0.0071 0
0.0005 0.0072 0
0.0005 0.0073 0
0.0005 0.0074 0
0.0005 0.0075 0
0.0005 0.0076 0
0.0005 0.0077 0
0.0005 0.0078 0
0.0005 0.0079 0
0.0005 0.008 0
0.0005 0.0081 0
0.0005 0.0082 0
0.0005 0.0083 0
0.0005 0.0084 0
0.0005 0.0085 0
0.0005 0.0086 0
0.0005 0.0087 0
0.0005 0.0088 0
0.0005 0.0089 0
0.0005 0.009 0
0.0005 0.0091 0
0.0005 0.0092 0
0.0005 0.0093 0
0.0005 0.0094 0
0.0005 0.0095 0
0.0005 0.0096 0
0.0005 0.0097 0
0.0005 0.0098 0
0.0005 0.0099 0
0.0004 0.01 0
0.0003 0.01 0
0.0002 0.01 0
0.0001 0.01 0
0 0.0099 0
0 0.0098 0
0 0.0097 0
0 0.0096 0
0 0.0095 0
0 0.0094 0
0 0.0093 0
0 0.0092 0
0 0.0091 0
0 0.009 0
0 0.0089 0
0 0.0088 0
0 0.0087 0
0 0.0086 0
0 0.0085 0
0 0.0084 0
0 0.0083 0
0 0.0082 0
0 0.0081 0
0 0.008 0
0 0.0079 0
0 0.0078 0
0 0.0077 0
0 0.0076 0
0 0.0075 0
0 0.0074 0
0 0.0073 0
0 0.0072 0
0 0.0071 0
0 0.007 0
0 0.0069 0
0 0.0068 0
0 0.0067 0
0 0.0066 0
0 0.0065 0
0 0.0064 0
0 0.0063 0
0 0.0062 0
0 0.0061 0
0 0.006 0
0 0.0059 0
0 0.0058 0
0 0.0057 0
0 0.0056 0
0 0.0055 0
0 0.0054 0
0 0.0053 0
0 0.0052 0
0 0.0051 0
0 0.005 0
0 0.0049 0
0 0.0048 0
0 0.0047 0
0 0.0046 0
0 0.0045 0
0 0.0044 0
0 0.0043 0
0 0.0042 0
0 0.0041 0
0 0.004 0
0 0.0039 0
0 0.0038 0
0 0.0037 0
0 0.0036 0
0 0.0035 0
0 0.0034 0
0 0.0033 0
0 0.0032 0
0 0.0031 0
0 0.003 0
0 0.0029 0
0 0.0028 0
0 0.0027 0
0 0.0026 0
0 0.0025 0
0 0.0024 0
0 0.0023 0
0 0.0022 0
0 0.0021 0
0 0.002 0
0 0.0019 0
0 0.0018 0
0 0.0017 0
0 0.0016 0
0 0.0015 0
0 0.0014 0
0 0.0013 0
0 0.0012 0
0 0.0011 0
0 0.001 0
0 0.0009 0
0 0.0008 0
0 0.0007 0
0 0.0006 0
0 0.0005 0
0 0.0004 0
0 0.0003 0
0 0.0002 0
0 0.0001 0
8.66025e-05 0.00785 0
8.66025e-05 0.00915 0
8.66025e-05 0.00315 0
0.000413397 0.00835 0
8.66025e-05 0.00935 0
8.41997e-05 0.00955133 0
0.000413397 0.00345 0
0.000413397 0.00675 0
0.000413397 0.00875 0
8.66025e-05 0.00895 0
8.66025e-05 0.00055 0
8.66025e-05 0.00075 0
8.66025e-05 0.00095 0
0.000413397 0.00695 0
8.66025e-05 0.00125 0
8.66025e-05 0.00175 0
0.000413397 0.00215 0
0.000413397 0.00815 0
8.41997e-05 0.00765133 0
0.000413397 0.00245 0
0.000413397 0.00465 0
0.000413397 0.00645 0
8.41997e-05 0.00154867 0
8.24789e-05 0.00195095 0
0.000413397 0.00555 0
0.000413397 0.00725 0
8.66025e-05 0.00745 0
8.66025e-05 0.00445 0
8.66025e-05 0.00535 0
0.000413397 0.00285 0
8.00641e-05 0.00364734 0
8.24789e-05 0.00854905 0
8.66025e-05 0.00975 0
0.000413397 0.00485 0
8.66025e-05 0.00035 0
0.000413397 0.00405 0
0.000413397 0.00515 0
0.000413397 0.00625 0
0.000413397 0.00385 0
8.24789e-05 0.00594905 0
8.66025e-05 0.00265 0
8.24789e-05 0.00424905 0
0.000413397 0.00575 0
8.66025e-05 0.00705 0
0.000413397 0.00305 0
8.66025e-05 0.00655 0
8.66025e-05 0.00225 0
8.66025e-05 0.00495 0
0.000413397 0.00905 0
0.000418304 0.00145 0
0.000413397 0.00925 0
0.000413397 0.00945 0
0.000413397 0.00115 0
0.000413397 0.00065 0
0.000413397 0.00085 0
0.000417752 0.000254337 0
0.0004158 0.00795133 0
8.66025e-05 0.00825 0
0.0004158 0.00964867 0
0.000413397 0.00185 0
8.41997e-05 0.00804867 0
0.000413397 0.00045 0
0.0004158 0.00774867 0
0.000413397 0.00165 0
0.000413397 0.00755 0
8.66025e-05 0.00335 0
0.000413397 0.00325 0
8.66025e-05 0.00635 0
8.24789e-05 0.00684905 0
8.24789e-05 0.00294905 0
0.000413397 0.00605 0
8.66025e-05 0.00615 0
8.00641e-05 0.00394734 0
8.24789e-05 0.00474905 0
0.000413397 0.00435 0
8.00641e-05 0.00564734 0
8.66025e-05 0.00875 0
8.66025e-05 0.00245 0
8.66025e-05 0.00725 0
0.000413397 0.00535 0
8.66025e-05 0.00515 0
0.000413397 0.00365 0
0.000413397 0.00265 0
0.000413397 0.00855 0
0.000254834 8.13776e-05 0
0.000254834 0.00991862 0
0.000404049 0.00984306 0
8.46772e-05 0.000150424 0
0.000413397 0.00895 0
0.000326795 0.009 0
0.000326795 0.0089 0
0.000326795 0.0091 0
0.000240192 0.00905 0
0.000240192 0.00915 0
0.000413397 0.00885 0
0.000326795 0.0088 0
0.000326795 0.0087 0
0.000240192 0.00885 0
0.000240192 0.00895 0
0.000240192 0.00875 0
0.000240192 0.00865 0
8.66025e-05 0.00105 0
0.000173205 0.001 0
0.000173205 0.0011 0
0.000173205 0.0009 0
0.000259808 0.00095 0
0.000259808 0.00085 0
0.000173205 0.0008 0
0.000259808 0.00075 0
0.000173205 0.0007 0
0.000259808 0.00065 0
0.000173205 0.0006 0
0.000259808 0.00055 0
0.000173205 0.0005 0
0.000259808 0.00045 0
0.000173205 0.0004 0
0.000259808 0.00035 0
0.000173205 0.0003 0
0.000259277 0.000242392 0
0.000164621 0.000196952 0
8.66025e-05 0.00885 0
0.000404671 0.000157562 0
8.46772e-05 0.00984958 0
0.00016471 0.00980178 0
0.000171021 0.00970163 0
0.000257751 0.00975809 0
0.000255277 0.00965083 0
0.000413397 0.00095 0
8.54338e-05 0.00775155 0
0.000172242 0.00780159 0
0.000172276 0.00789893 0
0.000259808 0.00785 0
0.000253855 0.00775019 0
0.000253859 0.00794987 0
8.66025e-05 0.00135 0
0.000173205 0.0013 0
0.000172437 0.00139867 0
0.000258911 0.00134845 0
0.000258021 0.00124974 0
0.000252224 0.00144819 0
0.000339425 0.00129704 0
0.000172907 0.00119996 0
0.000413397 0.00665 0
0.000326795 0.0067 0
0.000326795 0.0066 0
0.000326795 0.0068 0
0.000240961 0.00674867 0
0.000242723 0.00684845 0
0.000413397 0.00655 0
0.000326795 0.0065 0
0.000326795 0.0064 0
0.000240192 0.00645 0
0.000240192 0.00635 0
0.000326795 0.0063 0
0.000240192 0.00625 0
0.000326795 0.0062 0
0.000240192 0.00615 0
0.000326795 0.0061 0
0.000240192 0.00605 0
0.000326795 0.006 0
0.000242595 0.00594867 0
0.000327195 0.00589978 0
0.000241428 0.00584841 0
0.000327068 0.0057997 0
0.000242081 0.00574968 0
0.000160649 0.00579702 0
0.000327155 0.0056999 0
0.000242973 0.0056486 0
0.000327318 0.00559975 0
0.000241511 0.00554839 0
0.000327102 0.00549969 0
0.000242101 0.00544968 0
0.000160666 0.00549702 0
0.000327164 0.0053999 0
0.000241143 0.00534998 0
0.000327015 0.00529998 0
0.000241094 0.00525 0
0.000326982 0.0052 0
0.000241091 0.00515 0
0.000326976 0.0051 0
0.000240192 0.00505 0
0.000326825 0.005 0
0.000240192 0.00495 0
0.0003268 0.0049 0
0.000240192 0.00485 0
0.000326796 0.0048 0
0.000242595 0.00474867 0
0.000327196 0.00469978 0
0.000241428 0.00464841 0
0.000327068 0.0045997 0
0.000242081 0.00454968 0
0.000327155 0.0044999 0
0.000241142 0.00444998 0
0.000160649 0.00459702 0
0.000327013 0.00439998 0
0.000241094 0.00435 0
0.000326982 0.0043 0
0.000242777 0.00424867 0
0.000327257 0.00419978 0
0.000241468 0.00414841 0
0.000327085 0.0040997 0
0.000242091 0.00404968 0
0.000160657 0.00409702 0
0.00032716 0.0039999 0
0.000242975 0.0039486 0
0.00032732 0.00389975 0
0.000241512 0.00384839 0
0.000327102 0.00379969 0
0.000242101 0.00374968 0
0.000160666 0.00379702 0
0.000327164 0.0036999 0
0.000242978 0.0036486 0
0.000327321 0.00359975 0
0.000241512 0.00354839 0
0.000327103 0.00349969 0
0.000242101 0.00344968 0
0.000160666 0.00349702 0
0.000327164 0.0033999 0
0.000241143 0.00334998 0
0.000327015 0.00329998 0
0.000241094 0.00325 0
0.000326982 0.0032 0
0.000241091 0.00315 0
0.000326976 0.0031 0
0.000240192 0.00305 0
0.000326825 0.003 0
0.0002426 0.00294867 0
0.000327201 0.00289978 0
0.00024143 0.00284841 0
0.000327069 0.0027997 0
0.000242082 0.00274968 0
0.000160649 0.00279702 0
0.000327155 0.0026999 0
0.000241142 0.00264998 0
0.000327013 0.00259998 0
0.000241094 0.00255 0
0.000326982 0.0025 0
0.000241091 0.00245 0
0.000326976 0.0024 0
0.000240192 0.00235 0
0.000326825 0.0023 0
0.000240192 0.00225 0
0.0003268 0.0022 0
0.000241831 0.00215 0
0.000327069 0.0021 0
0.000241279 0.00205133 0
0.000327022 0.00200022 0
0.000242814 0.00195159 0
0.000160582 0.00210288 0
0.000326795 0.0019 0
0.000242083 0.00185014 0
0.00032711 0.00180002 0
0.000241139 0.00175001 0
0.000327005 0.0017 0
0.000241094 0.00165 0
0.000327748 0.00160133 0
0.000245348 0.00154994 0
0.000413435 0.00195004 0
0.000413403 0.00225 0
0.000413523 0.00414991 0
0.000413494 0.00444998 0
0.000413464 0.00594996 0
0.000413403 0.00495 0
0.000241958 0.00664978 0
0.000160551 0.00669708 0
0.000241121 0.00654999 0
0.000413429 0.00175 0
0.000416305 0.00785 0
0.000414566 0.00805155 0
0.000327758 0.00810159 0
0.000326955 0.00820026 0
0.000240192 0.00815 0
0.000240192 0.00825 0
0.000245437 0.00805017 0
0.000326822 0.00830004 0
0.000241834 0.00835001 0
0.000327073 0.00840001 0
0.000241281 0.00844867 0
0.000160583 0.00839712 0
0.000327023 0.00849978 0
0.000413429 0.00825005 0
8.52652e-05 0.00814992 0
8.66025e-05 0.00325 0
8.45839e-05 0.00185008 0
0.000258865 0.00114999 0
0.000242815 0.00854841 0
8.65529e-05 0.00114999 0
8.45839e-05 0.00604992 0
0.000413536 0.00354991 0
0.000413397 0.00395 0
8.45839e-05 0.00484992 0
0.000414566 0.00764845 0
0.000327758 0.00759841 0
0.000326955 0.00749974 0
0.000240192 0.00755 0
0.000240192 0.00745 0
0.000326822 0.00739996 0
0.000240192 0.00735 0
0.000245436 0.00764983 0
0.000413397 0.00935 0
0.000326795 0.0094 0
0.000327563 0.00949867 0
0.000240192 0.00945 0
0.000240192 0.00935 0
0.000245582 0.00954994 0
8.66025e-05 0.00065 0
0.000413397 0.00635 0
0.00041351 0.00544993 0
0.000326795 0.0093 0
8.53058e-05 0.00144823 0
0.000413432 0.00255 0
8.66025e-05 0.00645 0
0.000413432 0.00525 0
0.000413397 0.00615 0
0.000413397 0.00715 0
0.000326795 0.0072 0
0.000326795 0.0071 0
0.000240192 0.00715 0
0.000240192 0.00705 0
0.000413397 0.00705 0
0.000326795 0.007 0
0.000413503 0.00274993 0
0.000413496 0.00334998 0
8.66025e-05 0.00235 0
8.66025e-05 0.00625 0
8.66025e-05 0.00085 0
0.000415142 0.00155155 0
8.66025e-05 0.00505 0
8.5279e-05 0.00794827 0
0.000413521 0.00584991 0
8.66025e-05 0.00735 0
0.000413397 0.00075 0
0.000413434 0.00505 0
0.000413397 0.00055 0
0.000413464 0.00474996 0
8.66025e-05 0.00525 0
0.00041351 0.00374993 0
0.000413397 0.00685 0
8.45839e-05 0.00694992 0
0.000413397 0.00565 0
8.45839e-05 0.00304992 0
8.66025e-05 0.00905 0
8.45839e-05 0.00434992 0
8.52652e-05 0.00945008 0
8.66025e-05 0.00925 0
8.52652e-05 0.00755008 0
8.66025e-05 0.00255 0
8.52652e-05 0.00164992 0
0.000413397 0.00315 0
0.000413482 0.00844996 0
0.000413397 0.00295 0
8.45839e-05 0.00864992 0
8.66025e-05 0.00715 0
0.000413519 0.00454993 0
0.000413429 0.00744995 0
0.000240192 0.00725 0
0.000413526 0.00424995 0
0.000413397 0.00735 0
0.000414694 0.00954823 0
0.000413397 0.00865 0
8.66025e-05 0.00045 0
8.4851e-05 0.000249563 0
0.000326799 0.00729999 0
0.000416594 0.00974428 0
0.000242076 0.00694987 0
0.000413397 0.00035 0
0.000326795 0.0069 0
0.000326795 0.0086 0
0.000413397 0.00105 0
0.000258916 0.00105 0
0.000413397 0.00915 0
8.50698e-05 0.00965182 0
0.000326795 0.0092 0
0.000240192 0.00925 0
0.000413487 0.00205004 0
0.000413434 0.00235 0
0.000347603 0.00992048 0
0.000158057 9.3869e-05 0
0.00015807 0.00990595 0
0.000346961 8.08088e-05 0
0.000306068 0.00984318 0
0.000306319 0.000157215 0
0.000167761 0.00770282 0
0.00033207 0.00769719 0
0.000333428 0.00149884 0
0.000418772 0.00124951 0
0.000161148 0.00679887 0
0.000161222 0.00849888 0
8.12242e-05 0.00664951 0
0.000332249 0.00959728 0
0.000167759 0.00960294 0
0.000332071 0.00800282 0
0.000337586 0.00139875 0
0.000167747 0.00799723 0
0.000161221 0.00589886 0
8.12297e-05 0.00834952 0
8.01509e-05 0.00574906 0
0.000160901 0.00559856 0
8.12435e-05 0.0054495 0
0.000167564 0.00149697 0
8.12406e-05 0.0045495 0
0.000161221 0.00469886 0
8.01523e-05 0.00404906 0
0.000161222 0.00200113 0
0.000161259 0.00419886 0
8.12296e-05 0.00215048 0
8.01538e-05 0.00374906 0
0.000160902 0.00389856 0
8.12436e-05 0.0034495 0
0.000160902 0.00359856 0
8.12407e-05 0.0027495 0
0.000161222 0.00289886 0
0.000335741 0.00790067 0
0.000162735 0.00689936 0
0.000163397 0.0073 0
0.000163397 0.0092 0
0.000336603 0.0078 0
0.000163397 0.0064 0
0.000163397 0.0071 0
0.000163397 0.0074 0
0.000163397 0.0065 0
0.000162448 0.00859938 0
0.000163397 0.0063 0
0.000163397 0.0075 0
0.000163397 0.0094 0
0.000163264 0.00699986 0
0.000164399 0.00950072 0
0.000163397 0.0091 0
0.000163397 0.0062 0
0.000163397 0.0072 0
0.000163397 0.0093 0
0.000164373 0.00809933 0
0.000164375 0.00760068 0
0.000163397 0.0061 0
0.000336603 0.001 0
0.000163397 0.0087 0
0.000162411 0.00599942 0
0.000163397 0.0088 0
0.000336797 0.00969552 0
0.00016334 0.00819988 0
0.000163397 0.009 0
0.000336603 0.0011 0
0.000163397 0.0089 0
0.000336603 0.0009 0
0.000163397 0.0053 0
0.000163397 0.0052 0
0.000336603 0.0008 0
0.000163397 0.0051 0
0.000163397 0.005 0
0.000163397 0.0049 0
0.000164478 0.00159925 0
0.000336603 0.0007 0
0.000162412 0.00479942 0
0.000163534 0.00180004 0
0.000163685 0.00169987 0
0.000162786 0.00190065 0
0.000163372 0.00439998 0
0.000162594 0.00429941 0
0.000336603 0.0006 0
0.0001634 0.0023 0
0.000163397 0.0024 0
0.000163397 0.0025 0
0.000336603 0.0005 0
0.000163397 0.0033 0
0.000163397 0.0026 0
0.000163397 0.0032 0
0.000163397 0.0031 0
0.000162413 0.00299942 0
0.000336603 0.0004 0
0.000338325 0.000303792 0
0.000419014 0.00134922 0
8.09003e-05 0.00674909 0
0.000163415 0.0066 0
0.000336585 0.0012 0
0.000163415 0.0083 0
8.0919e-05 0.00844909 0
8.075e-05 0.005849 0
0.000161137 0.00569838 0
8.04792e-05 0.00554874 0
0.000163415 0.0054 0
8.09316e-05 0.00464907 0
0.000163415 0.0045 0
8.0758e-05 0.004149 0
8.02976e-05 0.00384866 0
0.00016114 0.00399838 0
8.09188e-05 0.00205091 0
0.000163415 0.0022 0
0.000161144 0.00369838 0
8.04794e-05 0.00354874 0
0.000163415 0.0034 0
0.000163415 0.0027 0
8.09319e-05 0.00284907 0
0.000426795 7.32051e-05 0
7.32051e-05 0.00992679 0
7.32051e-05 7.32051e-05 0
0.000426795 0.00992679 0
0.000343112 0.000226023 0
0.000343112 0.00977398 0
0.000229062 0.00984488 0
0.000229062 0.000155125 0
