162 100
9 2 0 4 35 
9 2 35 4 36 
9 2 35 36 34 
9 2 34 36 37 
9 2 34 37 33 
9 2 33 37 38 
9 2 33 38 32 
9 2 32 38 39 
9 2 32 39 31 
9 2 31 39 40 
9 2 31 40 30 
9 2 30 40 41 
9 2 30 41 29 
9 2 29 41 42 
9 2 29 42 28 
9 2 28 42 43 
9 2 28 43 3 
9 2 3 43 27 
9 2 4 5 36 
9 2 36 5 44 
9 2 36 44 37 
9 2 37 44 45 
9 2 37 45 38 
9 2 38 45 46 
9 2 38 46 39 
9 2 39 46 47 
9 2 39 47 40 
9 2 40 47 48 
9 2 40 48 41 
9 2 41 48 49 
9 2 41 49 42 
9 2 42 49 50 
9 2 42 50 43 
9 2 43 50 51 
9 2 43 51 27 
9 2 27 51 26 
9 2 5 6 44 
9 2 44 6 52 
9 2 44 52 45 
9 2 45 52 53 
9 2 45 53 46 
9 2 46 53 54 
9 2 46 54 47 
9 2 47 54 55 
9 2 47 55 48 
9 2 48 55 56 
9 2 48 56 49 
9 2 49 56 57 
9 2 49 57 50 
9 2 50 57 58 
9 2 50 58 51 
9 2 51 58 59 
9 2 51 59 26 
9 2 26 59 25 
9 2 6 7 52 
9 2 52 7 60 
9 2 52 60 53 
9 2 53 60 61 
9 2 53 61 54 
9 2 54 61 62 
9 2 54 62 55 
9 2 55 62 63 
9 2 55 63 56 
9 2 56 63 64 
9 2 56 64 57 
9 2 57 64 65 
9 2 57 65 58 
9 2 58 65 66 
9 2 58 66 59 
9 2 59 66 67 
9 2 59 67 25 
9 2 25 67 24 
9 2 7 8 60 
9 2 60 8 68 
9 2 60 68 61 
9 2 61 68 69 
9 2 61 69 62 
9 2 62 69 70 
9 2 62 70 63 
9 2 63 70 71 
9 2 63 71 64 
9 2 64 71 72 
9 2 64 72 65 
9 2 65 72 73 
9 2 65 73 66 
9 2 66 73 74 
9 2 66 74 67 
9 2 67 74 75 
9 2 67 75 24 
9 2 24 75 23 
9 2 8 9 68 
9 2 68 9 76 
9 2 68 76 69 
9 2 69 76 77 
9 2 69 77 70 
9 2 70 77 78 
9 2 70 78 71 
9 2 71 78 79 
9 2 71 79 72 
9 2 72 79 80 
9 2 72 80 73 
9 2 73 80 81 
9 2 73 81 74 
9 2 74 81 82 
9 2 74 82 75 
9 2 75 82 83 
9 2 75 83 23 
9 2 23 83 22 
9 2 9 10 76 
9 2 76 10 84 
9 2 76 84 77 
9 2 77 84 85 
9 2 77 85 78 
9 2 78 85 86 
9 2 78 86 79 
9 2 79 86 87 
9 2 79 87 80 
9 2 80 87 88 
9 2 80 88 81 
9 2 81 88 89 
9 2 81 89 82 
9 2 82 89 90 
9 2 82 90 83 
9 2 83 90 91 
9 2 83 91 22 
9 2 22 91 21 
9 2 10 11 84 
9 2 84 11 92 
9 2 84 92 85 
9 2 85 92 93 
9 2 85 93 86 
9 2 86 93 94 
9 2 86 94 87 
9 2 87 94 95 
9 2 87 95 88 
9 2 88 95 96 
9 2 88 96 89 
9 2 89 96 97 
9 2 89 97 90 
9 2 90 97 98 
9 2 90 98 91 
9 2 91 98 99 
9 2 91 99 21 
9 2 21 99 20 
9 2 11 1 92 
9 2 92 1 12 
9 2 92 12 93 
9 2 93 12 13 
9 2 93 13 94 
9 2 94 13 14 
9 2 94 14 95 
9 2 95 14 15 
9 2 95 15 96 
9 2 96 15 16 
9 2 96 16 97 
9 2 97 16 17 
9 2 97 17 98 
9 2 98 17 18 
9 2 98 18 99 
9 2 99 18 19 
9 2 99 19 20 
9 2 20 19 2 
