81 100
9 3 0 4 36 35 
9 3 35 36 37 34 
9 3 34 37 38 33 
9 3 33 38 39 32 
9 3 32 39 40 31 
9 3 31 40 41 30 
9 3 30 41 42 29 
9 3 29 42 43 28 
9 3 28 43 27 3 
9 3 4 5 44 36 
9 3 36 44 45 37 
9 3 37 45 46 38 
9 3 38 46 47 39 
9 3 39 47 48 40 
9 3 40 48 49 41 
9 3 41 49 50 42 
9 3 42 50 51 43 
9 3 43 51 26 27 
9 3 5 6 52 44 
9 3 44 52 53 45 
9 3 45 53 54 46 
9 3 46 54 55 47 
9 3 47 55 56 48 
9 3 48 56 57 49 
9 3 49 57 58 50 
9 3 50 58 59 51 
9 3 51 59 25 26 
9 3 6 7 60 52 
9 3 52 60 61 53 
9 3 53 61 62 54 
9 3 54 62 63 55 
9 3 55 63 64 56 
9 3 56 64 65 57 
9 3 57 65 66 58 
9 3 58 66 67 59 
9 3 59 67 24 25 
9 3 7 8 68 60 
9 3 60 68 69 61 
9 3 61 69 70 62 
9 3 62 70 71 63 
9 3 63 71 72 64 
9 3 64 72 73 65 
9 3 65 73 74 66 
9 3 66 74 75 67 
9 3 67 75 23 24 
9 3 8 9 76 68 
9 3 68 76 77 69 
9 3 69 77 78 70 
9 3 70 78 79 71 
9 3 71 79 80 72 
9 3 72 80 81 73 
9 3 73 81 82 74 
9 3 74 82 83 75 
9 3 75 83 22 23 
9 3 9 10 84 76 
9 3 76 84 85 77 
9 3 77 85 86 78 
9 3 78 86 87 79 
9 3 79 87 88 80 
9 3 80 88 89 81 
9 3 81 89 90 82 
9 3 82 90 91 83 
9 3 83 91 21 22 
9 3 10 11 92 84 
9 3 84 92 93 85 
9 3 85 93 94 86 
9 3 86 94 95 87 
9 3 87 95 96 88 
9 3 88 96 97 89 
9 3 89 97 98 90 
9 3 90 98 99 91 
9 3 91 99 20 21 
9 3 11 1 12 92 
9 3 92 12 13 93 
9 3 93 13 14 94 
9 3 94 14 15 95 
9 3 95 15 16 96 
9 3 96 16 17 97 
9 3 97 17 18 98 
9 3 98 18 19 99 
9 3 99 19 2 20 
