1688
14 10 3
14 11 3
14 33 3
14 34 3
14 54 3
14 55 3
14 60 3
14 61 3
14 63 0
14 68 3
14 69 3
14 70 3
14 71 3
14 118 3
14 119 3
14 120 3
14 121 3
14 123 3
14 124 3
14 135 3
14 136 2
14 138 3
14 141 3
14 142 3
14 148 3
14 149 3
14 150 3
14 161 3
14 162 3
14 166 3
14 167 3
14 168 3
14 169 3
14 170 3
14 171 3
14 172 3
14 173 3
14 174 3
14 175 3
14 176 3
14 177 3
14 178 3
14 179 3
14 180 3
14 181 3
14 186 3
14 188 3
14 189 3
14 191 3
14 192 3
14 193 3
14 194 3
14 230 3
14 231 3
14 232 3
14 341 3
14 342 3
14 343 3
14 344 3
15 633 3
13 634 1
15 636 0
13 637 1
14 640 3
14 641 3
14 642 3
14 643 3
17 696 3
17 697 3
17 698 0
16 699 1
16 700 2
17 701 0
17 702 0
14 703 1
14 704 2
17 705 3
16 706 1
14 707 3
17 708 3
17 709 3
16 710 3
16 711 1
16 712 1
16 713 0
16 714 2
14 715 1
14 716 3
14 717 1
14 718 3
16 719 0
14 720 1
16 721 3
16 722 3
17 723 2
14 724 3
14 725 0
14 726 2
17 727 0
14 728 3
17 729 0
14 730 3
14 731 1
14 732 3
14 733 3
14 734 3
14 735 1
14 736 3
17 737 3
17 738 0
17 739 2
16 740 3
14 741 3
16 742 1
14 743 3
17 744 1
17 745 0
17 746 3
16 747 2
14 748 3
14 749 0
14 750 2
16 751 2
14 752 3
16 753 2
17 754 3
16 755 1
17 756 2
14 757 3
16 758 3
17 759 0
14 760 1
14 761 3
16 762 2
14 763 2
14 764 0
14 765 3
17 766 1
14 767 3
16 768 3
14 769 1
14 770 1
14 771 3
17 772 1
17 773 2
16 774 1
16 775 3
14 776 0
14 777 1
14 778 1
14 779 3
17 780 0
14 781 3
14 782 2
16 783 3
16 784 3
16 785 0
14 786 0
16 787 3
14 788 3
14 789 1
16 790 3
17 791 3
16 792 0
17 793 0
16 794 3
16 795 3
16 796 2
16 797 2
14 798 3
14 799 2
14 800 3
14 801 3
14 802 3
16 803 3
14 804 2
14 805 3
16 806 0
17 807 0
14 808 1
17 809 3
14 810 1
17 811 2
17 812 2
17 813 1
14 814 2
14 815 1
14 816 3
14 817 1
16 818 0
14 819 1
14 820 1
14 821 1
16 822 3
14 823 3
14 824 2
17 825 2
16 826 3
16 827 2
16 828 3
14 829 3
14 830 3
16 831 0
17 832 2
17 833 0
14 834 3
14 835 2
14 836 3
17 837 2
14 838 0
17 839 3
16 840 3
14 841 3
16 842 1
17 843 1
16 844 1
14 845 3
17 846 0
14 847 3
17 848 3
17 849 1
17 850 1
16 851 2
17 852 0
14 853 1
14 854 3
14 855 2
14 856 3
14 857 1
14 858 3
14 859 3
16 860 1
16 861 2
14 862 2
14 863 3
14 864 3
16 865 3
14 866 1
17 867 3
17 868 3
14 869 3
16 870 2
16 871 3
14 872 3
14 873 3
14 874 2
14 875 1
14 876 3
16 877 3
17 878 2
17 879 2
16 880 3
16 881 2
14 882 3
17 883 3
14 884 1
14 885 1
17 886 0
14 887 3
17 888 0
14 889 1
17 890 0
16 891 1
17 892 0
14 893 3
14 894 3
17 895 3
17 896 1
14 897 1
14 898 0
17 899 2
14 900 3
14 901 3
17 902 0
14 903 2
14 904 3
16 905 1
14 906 2
14 907 3
16 908 3
16 909 1
17 910 1
16 911 3
14 912 0
14 913 1
16 914 3
16 915 1
14 916 3
16 917 3
14 918 3
14 919 2
14 920 3
14 921 3
17 922 2
17 923 1
16 924 2
16 925 3
14 926 3
14 927 2
17 928 0
14 929 2
14 930 3
14 931 0
17 932 2
14 933 3
14 934 1
16 935 3
14 936 1
14 937 3
14 938 3
14 939 3
14 940 3
14 941 2
14 942 1
17 943 3
17 944 2
16 945 3
16 946 2
14 947 0
14 948 3
14 949 3
14 950 0
17 951 3
17 952 0
14 953 3
14 954 2
17 955 3
17 956 3
16 957 0
16 958 3
14 959 1
14 960 1
14 961 1
14 962 3
14 963 0
14 964 3
14 965 3
16 966 0
17 967 2
14 968 3
17 969 0
17 970 3
16 971 3
16 972 2
14 973 2
14 974 3
14 975 0
14 976 1
17 977 3
17 978 0
14 979 1
14 980 1
16 981 3
16 982 0
14 983 1
14 984 3
17 985 3
16 986 3
14 987 2
14 988 2
14 989 3
17 990 3
17 991 3
16 992 0
14 993 1
14 994 1
14 995 2
14 996 3
17 997 0
16 998 0
17 999 2
17 1000 0
17 1001 0
16 1002 3
16 1003 1
17 1004 2
14 1005 0
14 1006 3
14 1007 3
14 1008 3
14 1009 3
17 1010 3
14 1011 2
14 1012 1
16 1013 3
17 1014 1
14 1015 3
16 1016 1
16 1017 1
14 1018 1
14 1019 2
14 1020 2
16 1021 3
17 1022 0
16 1023 3
14 1024 3
14 1025 0
14 1026 3
14 1027 3
14 1056 1
14 1057 1
14 1058 2
14 1059 3
16 1060 3
16 1061 2
17 1062 0
17 1063 2
14 1064 3
14 1065 3
14 1066 2
14 1067 0
16 1150 1
17 1151 1
17 1153 2
16 1154 1
14 1246 3
14 1247 3
16 1249 3
17 1250 2
17 1251 3
17 1252 3
17 1253 0
17 1254 0
16 1255 3
16 1256 0
16 1257 1
16 1258 3
14 1260 1
14 1261 3
14 1262 0
14 1263 2
14 1264 2
14 1265 1
14 1266 3
14 1267 1
17 1268 1
16 1269 3
14 1270 3
14 1271 3
14 1276 3
14 1277 1
14 1278 1
14 1279 3
14 1284 3
14 1285 3
16 1286 1
17 1287 2
17 1288 2
16 1289 1
14 1290 3
14 1291 3
14 1292 3
14 1293 3
14 1294 3
14 1295 3
14 1298 3
14 1299 3
14 1300 3
14 1301 3
14 1302 3
17 1306 3
17 1307 3
17 1308 3
17 1309 3
16 1310 3
16 1311 3
17 1312 3
17 1313 3
16 1314 3
16 1315 3
17 1316 3
14 1317 3
17 1318 3
17 1319 3
16 1320 3
16 1321 3
17 1322 3
16 1323 3
16 1324 3
17 1325 3
17 1326 3
17 1327 3
17 1328 3
16 1329 3
16 1330 3
17 1331 3
16 1332 3
16 1333 3
17 1334 3
16 1335 3
16 1336 3
16 1337 3
16 1338 3
17 1339 3
17 1340 3
16 1341 3
16 1342 3
17 1343 3
17 1344 3
16 1345 3
16 1346 3
17 1348 3
17 1349 3
17 1350 3
17 1351 3
16 1352 3
17 1353 3
16 1354 3
16 1355 3
16 1356 3
17 1357 3
16 1358 3
17 1359 3
16 1360 3
17 1361 3
17 1366 3
16 1381 3
17 1392 3
14 1393 3
14 1394 3
14 1460 3
16 1466 3
17 1470 3
14 1475 3
17 1480 3
14 1482 3
16 1486 3
16 1488 3
16 1494 3
16 1495 3
17 1496 3
17 1497 3
14 1499 3
14 1500 3
14 1501 3
14 1503 3
14 1504 3
14 1505 3
14 1506 3
14 1507 3
14 1508 3
14 1509 3
14 1510 3
14 1511 3
14 1517 3
14 1518 3
14 1519 3
14 1520 3
14 1521 3
14 1522 3
14 1523 3
14 1524 3
14 1525 3
14 1526 3
14 1527 3
14 1528 3
14 1529 3
14 1530 3
14 1531 3
14 1532 3
14 1533 3
14 1534 3
14 1535 3
14 1536 3
14 1537 3
14 1538 3
14 1539 3
14 1540 3
14 1541 3
14 1542 3
14 1543 3
14 1544 3
14 1545 3
14 1546 3
14 1547 3
14 1548 3
14 1549 3
14 1550 3
14 1551 3
14 1552 3
14 1553 3
14 1554 3
14 1555 3
14 1556 3
14 1557 3
14 1558 3
14 1559 3
14 1560 3
14 1561 3
14 1562 3
14 1563 3
14 1564 3
14 1565 3
14 1566 3
14 1567 3
14 1568 3
14 1569 3
14 1570 3
14 1571 3
14 1572 3
14 1573 3
14 1574 3
14 1575 3
14 1576 3
14 1577 3
14 1578 3
14 1579 3
14 1580 3
14 1581 3
14 1582 3
14 1583 3
14 1584 3
14 1585 3
14 1586 3
14 1587 3
14 1588 3
14 1589 3
14 1590 3
14 1591 3
14 1592 3
14 1593 3
14 1594 3
14 1595 3
14 1596 3
14 1597 3
14 1598 3
14 1599 3
14 1600 3
14 1601 3
14 1602 3
14 1603 3
14 1604 3
14 1605 3
14 1606 3
14 1607 3
14 1608 3
14 1609 3
14 1610 3
14 1611 3
14 1612 3
14 1613 3
14 1614 3
14 1615 3
14 1616 3
14 1617 3
14 1618 3
14 1619 3
14 1620 3
14 1621 3
14 1622 3
14 1623 3
14 1624 3
14 1625 3
14 1626 3
14 1627 3
14 1628 3
14 1629 3
14 1630 3
14 1631 3
14 1632 3
14 1633 3
14 1634 3
14 1635 3
14 1636 3
14 1649 3
14 1650 3
14 1652 3
14 1653 3
14 1656 3
14 1657 3
14 1658 3
14 1659 3
14 1660 3
14 1662 3
14 1663 3
14 1664 3
14 1666 3
14 1668 3
14 1669 3
14 1670 3
14 1673 3
14 1674 3
14 1675 3
14 1676 3
14 1677 3
14 1679 3
14 1680 3
14 1682 3
14 1683 3
14 1684 3
14 1685 3
14 1686 3
14 1687 3
14 1688 3
14 1690 3
14 1691 3
14 1692 3
14 1693 3
14 1694 3
14 1695 3
14 1696 3
14 1697 3
14 1698 3
14 1699 3
14 1700 3
14 1704 3
14 1705 3
14 1708 3
14 1709 3
14 1711 3
14 1713 3
14 1716 3
14 1718 3
14 1719 3
14 1720 3
14 1721 3
14 1722 3
14 1723 3
14 1724 3
14 1725 3
14 1726 3
14 1727 3
14 1728 3
14 1729 3
14 1730 3
14 1731 3
14 1732 3
14 1733 3
14 1734 3
14 1735 3
14 1736 3
14 1737 3
14 1738 3
14 1740 3
14 1741 3
14 1742 3
14 1743 3
14 1746 3
14 1750 3
14 1752 3
14 1756 3
14 1767 3
14 1773 3
14 1774 3
14 1775 3
14 1776 3
14 1777 3
14 1778 3
14 1779 3
14 1780 3
14 1781 3
14 1782 3
14 1783 3
14 1784 3
14 1785 3
14 1786 3
14 1787 3
14 1788 3
14 1789 3
14 1790 3
14 1791 3
14 1792 3
14 1793 3
14 1794 3
14 1795 3
14 1796 3
14 1797 3
14 1798 3
14 1799 3
14 1800 3
14 1801 3
14 1802 3
14 1803 3
14 1804 3
14 1805 3
14 1806 3
14 1807 3
14 1808 3
14 1809 3
14 1810 3
14 1811 3
14 1812 3
14 1813 3
14 1814 3
14 1815 3
14 1816 3
14 1817 3
14 1818 3
14 1819 3
14 1820 3
14 1821 3
14 1822 3
14 1823 3
14 1824 3
14 1825 3
14 1826 3
14 1827 3
14 1828 3
14 1829 3
14 1830 3
14 1831 3
14 1832 3
14 1833 3
14 1834 3
17 1835 2
16 1836 1
14 1847 3
14 1849 3
16 1850 1
17 1851 2
14 1854 3
14 1855 3
14 1861 3
14 1864 3
14 1865 3
14 1866 3
14 1867 3
14 1869 3
14 1871 3
14 1878 3
14 1881 3
14 1882 3
14 1884 3
14 1890 3
14 1891 3
14 1892 1
14 1893 0
14 1894 3
14 1895 3
14 1896 3
14 1897 2
14 1898 3
14 1899 3
14 1900 3
14 1901 3
14 1902 3
14 1903 3
14 1904 3
14 1905 3
14 1906 3
14 1907 3
14 1908 3
14 1909 3
14 1910 3
14 1911 3
14 1912 3
14 1913 3
14 1914 3
14 1915 3
14 1916 3
14 1917 3
14 1918 3
14 1919 3
14 1920 3
14 1921 3
14 1922 3
14 1923 3
14 1924 3
14 1925 3
14 1926 3
14 1927 3
14 1928 3
14 1929 3
14 1930 3
14 1931 3
14 1932 3
14 1933 3
14 1934 3
14 1935 3
14 1936 3
14 1937 3
14 1938 3
14 1939 3
14 1940 3
14 1941 3
14 1942 3
14 1943 3
14 1944 3
14 1945 3
14 1946 3
14 1947 3
14 1948 3
14 1949 3
14 1950 3
14 1951 3
14 1952 3
14 1953 3
14 1954 3
14 1955 3
14 1956 3
14 1957 3
14 1958 3
14 1960 2
14 1961 0
14 1965 3
13 1966 3
15 1967 0
14 1968 0
14 1969 3
13 1970 2
15 1971 3
15 1976 3
13 1977 1
17 1978 3
17 1979 3
13 1980 2
15 1981 2
17 1982 1
16 1983 3
14 1986 2
14 1987 3
14 1988 3
14 1989 3
14 1990 3
14 1991 3
16 1992 3
17 1993 1
14 1994 2
14 1995 3
14 1996 3
14 1997 3
17 2004 2
14 2004 3
17 2005 2
14 2005 3
16 2006 1
14 2006 3
14 2007 2
17 2007 3
16 2008 0
14 2008 3
17 2009 2
14 2009 3
14 2010 2
16 2010 3
14 2011 2
16 2011 3
16 2012 1
14 2012 3
14 2013 2
16 2013 3
14 2014 2
16 2014 3
17 2015 0
14 2015 3
16 2016 0
14 2016 3
14 2017 0
17 2017 3
14 2018 0
17 2018 3
17 2019 2
14 2019 3
14 2020 2
17 2020 3
14 2021 2
17 2021 3
14 2022 0
17 2022 3
14 2023 2
17 2023 3
16 2024 1
14 2024 3
14 2025 2
17 2025 3
14 2026 0
17 2026 3
14 2027 2
16 2027 3
17 2028 2
14 2028 3
17 2029 0
14 2029 3
14 2030 0
17 2030 3
14 2031 2
17 2031 3
14 2032 0
17 2032 3
17 2033 0
14 2033 3
16 2034 0
14 2034 3
16 2035 0
14 2035 3
17 2036 0
14 2036 3
17 2037 0
14 2037 3
14 2038 0
16 2038 3
16 2039 0
14 2039 3
16 2040 2
14 2040 3
14 2041 2
16 2041 3
17 2042 0
14 2042 3
16 2043 1
14 2043 3
14 2044 2
16 2044 3
16 2045 0
14 2045 3
16 2046 0
14 2046 3
17 2047 0
14 2047 3
14 2048 2
16 2048 3
14 2049 2
16 2049 3
16 2050 0
14 2050 3
16 2051 0
14 2051 3
14 2052 0
16 2052 3
17 2053 0
14 2053 3
14 2054 2
16 2054 3
14 2055 2
16 2055 3
14 2056 0
16 2056 3
14 2057 2
17 2057 3
16 2058 1
14 2058 3
16 2059 1
14 2059 3
17 2060 0
14 2060 2
14 2061 2
17 2061 3
14 2062 2
16 2062 3
14 2063 2
17 2063 3
17 2064 2
14 2064 3
16 2065 2
14 2065 3
16 2066 1
14 2066 3
14 2067 2
17 2067 3
14 2068 2
16 2068 3
16 2069 1
14 2069 3
14 2070 2
16 2070 3
14 2071 2
17 2071 3
17 2072 0
14 2072 3
14 2073 2
17 2073 3
14 2074 0
16 2074 3
17 2075 2
14 2075 3
14 2076 0
16 2076 3
17 2077 1
14 2077 3
17 2078 2
14 2078 3
17 2079 1
14 2079 3
16 2080 2
14 2080 3
14 2081 2
16 2081 3
16 2082 0
14 2082 3
14 2083 2
17 2083 3
14 2084 2
16 2084 3
17 2085 0
14 2085 3
16 2086 2
14 2086 3
14 2087 0
16 2087 3
14 2088 2
17 2088 3
14 2089 0
17 2089 3
17 2090 0
14 2090 3
14 2091 2
17 2091 3
16 2092 2
14 2092 3
14 2093 0
17 2093 3
14 2094 2
17 2094 3
17 2095 0
14 2095 3
16 2096 2
14 2096 3
14 2097 2
17 2097 3
16 2098 1
14 2098 3
17 2099 0
14 2099 3
14 2100 2
17 2100 3
16 2101 1
14 2101 3
16 2102 1
14 2102 3
16 2103 0
14 2103 3
17 2104 2
14 2104 3
14 2105 0
17 2105 3
17 2106 1
14 2106 3
17 2107 0
14 2107 3
17 2108 2
14 2108 3
16 2109 2
14 2109 3
14 2110 0
16 2110 3
14 2111 0
16 2111 3
14 2112 0
16 2112 3
17 2113 2
14 2113 3
17 2114 2
14 2114 3
16 2115 0
14 2115 3
14 2116 0
17 2116 3
14 2117 0
17 2117 3
14 2118 0
17 2118 3
14 2119 0
16 2119 3
14 2120 0
16 2120 2
14 2121 1
16 2121 3
17 2122 0
14 2122 3
16 2123 2
14 2123 3
16 2124 2
14 2124 3
16 2125 2
14 2125 3
14 2126 2
16 2126 3
14 2127 2
16 2127 3
17 2128 2
14 2128 3
16 2129 0
14 2129 3
14 2130 2
16 2130 3
16 2131 0
14 2131 3
17 2132 0
14 2132 3
14 2133 2
17 2133 3
14 2134 0
16 2134 3
16 2135 0
14 2135 3
16 2136 2
14 2136 3
14 2137 0
16 2137 3
14 2138 0
16 2138 3
17 2139 2
14 2139 3
16 2140 0
14 2140 3
16 2141 2
14 2141 3
14 2142 2
16 2142 3
16 2143 2
14 2143 3
16 2144 0
14 2144 3
14 2145 0
17 2145 3
16 2146 0
14 2146 3
14 2147 0
16 2147 3
16 2148 2
14 2148 3
14 2149 2
17 2149 3
14 2150 0
16 2150 3
14 2151 0
17 2151 3
14 2152 2
16 2152 3
17 2153 1
14 2153 3
17 2154 0
14 2154 3
14 2155 2
16 2155 3
17 2156 2
14 2156 3
14 2157 2
17 2157 3
14 2158 2
17 2158 3
14 2159 2
16 2159 3
17 2160 2
14 2160 3
14 2161 2
16 2161 3
14 2162 2
16 2162 3
17 2163 2
14 2163 3
14 2164 0
17 2164 3
16 2165 0
14 2165 3
14 2166 2
17 2166 3
14 2167 2
16 2167 3
14 2168 2
17 2168 3
17 2169 2
14 2169 3
17 2170 2
14 2170 3
17 2171 2
14 2171 3
17 2172 2
14 2172 3
16 2173 2
14 2173 3
16 2174 0
14 2174 3
14 2175 2
17 2175 3
14 2176 2
17 2176 3
14 2177 0
16 2177 3
14 2178 1
17 2178 2
16 2179 1
14 2179 3
17 2180 2
14 2180 3
14 2181 2
17 2181 3
17 2182 0
14 2182 3
17 2183 0
14 2183 2
14 2184 2
16 2184 3
16 2185 0
14 2185 3
13 2186 1
15 2187 2
14 2188 2
17 2188 3
14 2189 2
16 2189 3
14 2190 2
16 2190 3
14 2191 2
17 2191 3
14 2192 0
17 2192 3
14 2193 2
17 2193 3
16 2194 0
14 2194 3
14 2195 2
16 2195 3
16 2196 0
14 2196 3
17 2197 0
14 2197 3
17 2198 2
14 2198 3
16 2199 1
14 2199 3
16 2200 0
14 2200 3
14 2201 2
16 2201 3
14 2202 2
17 2202 3
14 2203 2
17 2203 3
14 2204 1
17 2204 3
16 2205 0
14 2205 3
14 2206 2
17 2206 3
14 2207 2
17 2207 3
16 2208 0
14 2208 3
14 2209 2
16 2209 3
14 2210 2
17 2210 3
14 2211 0
17 2211 3
14 2212 0
17 2212 3
17 2213 2
14 2213 3
14 2214 2
17 2214 3
14 2215 0
17 2215 3
14 2216 2
16 2216 3
16 2217 0
14 2217 3
14 2218 0
17 2218 3
16 2219 1
14 2219 3
17 2220 2
14 2220 3
14 2221 2
17 2221 3
16 2222 0
14 2222 3
14 2223 2
16 2223 3
14 2224 2
16 2224 3
14 2225 2
16 2225 3
14 2226 0
17 2226 3
14 2227 2
17 2227 3
14 2228 0
17 2228 3
14 2229 0
17 2229 3
14 2232 2
17 2232 3
17 2233 2
14 2233 3
16 2234 2
14 2234 3
14 2235 2
16 2235 3
14 2236 2
16 2236 3
14 2237 2
17 2237 3
17 2238 2
14 2238 3
16 2239 2
14 2239 3
14 2240 2
16 2240 3
14 2241 0
17 2241 3
14 2242 2
16 2242 3
14 2244 2
16 2244 3
17 2245 2
14 2245 3
14 2246 2
16 2246 3
13 2247 3
15 2248 3
13 2251 3
15 2252 3
17 2254 2
14 2254 3
16 2255 2
14 2255 3
14 2264 3
14 2265 3
14 2266 3
14 2267 3
17 2268 2
14 2268 3
17 2269 2
14 2269 3
16 2270 2
14 2270 3
14 2271 2
16 2271 3
14 2272 3
14 2273 3
14 2274 3
14 2275 3
17 2276 2
14 2276 3
14 2277 1
16 2277 3
14 2278 1
16 2278 3
17 2279 2
14 2279 3
14 2280 0
16 2280 3
16 2281 2
14 2281 3
17 2282 0
14 2282 3
17 2283 0
14 2283 3
14 2284 0
13 2284 3
14 2285 0
15 2285 3
14 2286 3
14 2287 3
14 2288 3
14 2289 3
14 2290 0
17 2290 3
14 2291 0
17 2291 3
14 2292 2
16 2292 3
14 2293 0
16 2293 3
16 2294 2
14 2294 3
16 2295 0
14 2295 3
17 2296 2
14 2296 3
17 2297 0
14 2297 3
14 2298 3
14 2299 3
14 2300 3
14 2301 3
14 2302 3
14 2303 3
14 2304 3
14 2305 3
14 2306 3
14 2307 3
14 2308 3
14 2309 3
14 2310 3
14 2311 3
14 2312 3
14 2313 3
14 2314 3
14 2315 3
14 2316 3
14 2317 3
14 2318 3
13 2319 0
14 2319 3
15 2320 2
14 2320 3
14 2321 3
14 2322 3
14 2323 3
14 2324 3
14 2325 3
14 2326 3
14 2327 3
14 2328 3
14 2329 3
14 2330 3
14 2331 3
14 2332 3
14 2333 3
14 2334 3
14 2335 3
14 2336 3
14 2337 3
14 2338 3
14 2339 3
14 2340 3
14 2341 3
14 2342 3
14 2343 3
14 2344 3
14 2345 3
14 2346 3
14 2347 3
14 2348 3
14 2349 3
14 2350 3
14 2351 3
14 2352 3
14 2353 3
14 2354 3
14 2355 3
14 2356 3
14 2357 3
14 2358 3
14 2359 3
14 2360 3
14 2361 3
14 2362 3
14 2363 3
14 2364 3
14 2365 3
14 2366 3
14 2367 3
14 2368 3
14 2369 3
14 2370 3
14 2371 3
14 2372 3
14 2373 3
14 2374 3
14 2375 3
14 2376 3
14 2377 3
14 2378 3
14 2379 3
14 2380 3
14 2381 3
14 2382 3
14 2383 3
14 2384 3
14 2385 3
14 2386 3
14 2387 3
14 2388 3
14 2389 3
14 2390 3
14 2391 3
14 2392 3
14 2393 3
14 2394 3
14 2395 3
14 2396 3
14 2397 3
14 2398 3
14 2399 3
14 2400 3
14 2401 3
14 2402 3
14 2403 3
14 2404 3
14 2405 3
14 2406 3
14 2407 3
14 2408 3
14 2409 3
14 2410 3
14 2411 3
14 2412 3
14 2413 3
14 2414 3
14 2415 3
14 2416 3
14 2417 3
14 2418 3
14 2419 3
14 2420 3
14 2421 3
14 2422 3
14 2423 3
14 2424 3
14 2425 3
14 2426 3
14 2427 3
14 2428 3
14 2429 3
14 2430 3
14 2431 3
14 2432 3
14 2433 3
14 2434 3
14 2435 3
14 2436 3
14 2437 3
16 2438 3
17 2439 3
14 2442 3
14 2443 3
14 2444 3
14 2445 3
16 2448 0
17 2449 2
15 2450 0
17 2450 3
13 2451 2
16 2451 3
15 2454 2
13 2455 3
17 2456 0
14 2456 3
16 2457 0
14 2457 3
16 2458 0
14 2458 3
14 2459 1
17 2459 3
15 2460 0
16 2460 3
17 2461 0
13 2461 3
16 2462 3
16 2463 3
16 2464 3
16 2465 3
17 2466 0
14 2466 3
14 2467 0
16 2467 2
14 2468 0
16 2468 2
14 2469 0
17 2469 3
13 2470 2
14 2470 3
14 2471 2
15 2471 3
13 2472 0
14 2472 3
14 2473 2
15 2473 3
13 2476 2
14 2476 3
14 2477 0
15 2477 3
15 2478 0
14 2478 3
13 2479 0
14 2479 3
13 2480 2
17 2480 3
15 2481 0
16 2481 3
14 2482 0
13 2482 3
14 2483 2
15 2483 3
13 2484 0
14 2484 3
14 2485 0
15 2485 3
13 2486 0
16 2486 3
15 2487 0
17 2487 3
14 2493 2
14 2523 2
14 2529 0
14 2531 1
14 2533 0
14 2537 0
14 2540 0
14 2553 0
14 2562 1
14 2571 2
14 2572 0
14 2575 2
14 2578 1
