921
0 0 0.5
0 0 0
0 1 0.5
0 1 0
20 0 0.5
20 0 0
20 1 0.5
20 1 0
0 0 0.25
0 0.25 0.5
0 0.5 0.5
0 0.75 0.5
0 1 0.25
0 0.25 0
0 0.5 0
0 0.75 0
20 0 0.25
20 0.25 0.5
20 0.5 0.5
20 0.75 0.5
20 1 0.25
20 0.25 0
20 0.5 0
20 0.75 0
0.298507 0 0
0.597015 0 0
0.895522 0 0
1.19403 0 0
1.49254 0 0
1.79104 0 0
2.08955 0 0
2.38806 0 0
2.68657 0 0
2.98507 0 0
3.28358 0 0
3.58209 0 0
3.8806 0 0
4.1791 0 0
4.47761 0 0
4.77612 0 0
5.07463 0 0
5.37313 0 0
5.67164 0 0
5.97015 0 0
6.26866 0 0
6.56716 0 0
6.86567 0 0
7.16418 0 0
7.46269 0 0
7.76119 0 0
8.0597 0 0
8.35821 0 0
8.65672 0 0
8.95522 0 0
9.25373 0 0
9.55224 0 0
9.85075 0 0
10.1493 0 0
10.4478 0 0
10.7463 0 0
11.0448 0 0
11.3433 0 0
11.6418 0 0
11.9403 0 0
12.2388 0 0
12.5373 0 0
12.8358 0 0
13.1343 0 0
13.4328 0 0
13.7313 0 0
14.0299 0 0
14.3284 0 0
14.6269 0 0
14.9254 0 0
15.2239 0 0
15.5224 0 0
15.8209 0 0
16.1194 0 0
16.4179 0 0
16.7164 0 0
17.0149 0 0
17.3134 0 0
17.6119 0 0
17.9104 0 0
18.209 0 0
18.5075 0 0
18.806 0 0
19.1045 0 0
19.403 0 0
19.7015 0 0
0.298507 0 0.5
0.597015 0 0.5
0.895522 0 0.5
1.19403 0 0.5
1.49254 0 0.5
1.79104 0 0.5
2.08955 0 0.5
2.38806 0 0.5
2.68657 0 0.5
2.98507 0 0.5
3.28358 0 0.5
3.58209 0 0.5
3.8806 0 0.5
4.1791 0 0.5
4.47761 0 0.5
4.77612 0 0.5
5.07463 0 0.5
5.37313 0 0.5
5.67164 0 0.5
5.97015 0 0.5
6.26866 0 0.5
6.56716 0 0.5
6.86567 0 0.5
7.16418 0 0.5
7.46269 0 0.5
7.76119 0 0.5
8.0597 0 0.5
8.35821 0 0.5
8.65672 0 0.5
8.95522 0 0.5
9.25373 0 0.5
9.55224 0 0.5
9.85075 0 0.5
10.1493 0 0.5
10.4478 0 0.5
10.7463 0 0.5
11.0448 0 0.5
11.3433 0 0.5
11.6418 0 0.5
11.9403 0 0.5
12.2388 0 0.5
12.5373 0 0.5
12.8358 0 0.5
13.1343 0 0.5
13.4328 0 0.5
13.7313 0 0.5
14.0299 0 0.5
14.3284 0 0.5
14.6269 0 0.5
14.9254 0 0.5
15.2239 0 0.5
15.5224 0 0.5
15.8209 0 0.5
16.1194 0 0.5
16.4179 0 0.5
16.7164 0 0.5
17.0149 0 0.5
17.3134 0 0.5
17.6119 0 0.5
17.9104 0 0.5
18.209 0 0.5
18.5075 0 0.5
18.806 0 0.5
19.1045 0 0.5
19.403 0 0.5
19.7015 0 0.5
0.298507 1 0
0.597015 1 0
0.895522 1 0
1.19403 1 0
1.49254 1 0
1.79104 1 0
2.08955 1 0
2.38806 1 0
2.68657 1 0
2.98507 1 0
3.28358 1 0
3.58209 1 0
3.8806 1 0
4.1791 1 0
4.47761 1 0
4.77612 1 0
5.07463 1 0
5.37313 1 0
5.67164 1 0
5.97015 1 0
6.26866 1 0
6.56716 1 0
6.86567 1 0
7.16418 1 0
7.46269 1 0
7.76119 1 0
8.0597 1 0
8.35821 1 0
8.65672 1 0
8.95522 1 0
9.25373 1 0
9.55224 1 0
9.85075 1 0
10.1493 1 0
10.4478 1 0
10.7463 1 0
11.0448 1 0
11.3433 1 0
11.6418 1 0
11.9403 1 0
12.2388 1 0
12.5373 1 0
12.8358 1 0
13.1343 1 0
13.4328 1 0
13.7313 1 0
14.0299 1 0
14.3284 1 0
14.6269 1 0
14.9254 1 0
15.2239 1 0
15.5224 1 0
15.8209 1 0
16.1194 1 0
16.4179 1 0
16.7164 1 0
17.0149 1 0
17.3134 1 0
17.6119 1 0
17.9104 1 0
18.209 1 0
18.5075 1 0
18.806 1 0
19.1045 1 0
19.403 1 0
19.7015 1 0
0.298507 1 0.5
0.597015 1 0.5
0.895522 1 0.5
1.19403 1 0.5
1.49254 1 0.5
1.79104 1 0.5
2.08955 1 0.5
2.38806 1 0.5
2.68657 1 0.5
2.98507 1 0.5
3.28358 1 0.5
3.58209 1 0.5
3.8806 1 0.5
4.1791 1 0.5
4.47761 1 0.5
4.77612 1 0.5
5.07463 1 0.5
5.37313 1 0.5
5.67164 1 0.5
5.97015 1 0.5
6.26866 1 0.5
6.56716 1 0.5
6.86567 1 0.5
7.16418 1 0.5
7.46269 1 0.5
7.76119 1 0.5
8.0597 1 0.5
8.35821 1 0.5
8.65672 1 0.5
8.95522 1 0.5
9.25373 1 0.5
9.55224 1 0.5
9.85075 1 0.5
10.1493 1 0.5
10.4478 1 0.5
10.7463 1 0.5
11.0448 1 0.5
11.3433 1 0.5
11.6418 1 0.5
11.9403 1 0.5
12.2388 1 0.5
12.5373 1 0.5
12.8358 1 0.5
13.1343 1 0.5
13.4328 1 0.5
13.7313 1 0.5
14.0299 1 0.5
14.3284 1 0.5
14.6269 1 0.5
14.9254 1 0.5
15.2239 1 0.5
15.5224 1 0.5
15.8209 1 0.5
16.1194 1 0.5
16.4179 1 0.5
16.7164 1 0.5
17.0149 1 0.5
17.3134 1 0.5
17.6119 1 0.5
17.9104 1 0.5
18.209 1 0.5
18.5075 1 0.5
18.806 1 0.5
19.1045 1 0.5
19.403 1 0.5
19.7015 1 0.5
0 0.375 0.283494
0 0.625 0.216506
0 0.164363 0.183421
0 0.835637 0.316579
0 0.144953 0.355504
0 0.855047 0.144496
20 0.625 0.216506
20 0.375 0.283494
20 0.164363 0.183421
20 0.835637 0.316579
20 0.855047 0.144496
20 0.144953 0.355504
19.5398 0 0.244018
19.2537 0 0.25
16.5672 0 0.25
18.6567 0 0.25
17.4627 0 0.25
18.0597 0 0.25
16.8657 0 0.25
17.7612 0 0.25
18.9552 0 0.25
6.1194 0 0.25
8.50746 0 0.25
8.80597 0 0.25
9.10448 0 0.25
9.40299 0 0.25
4.32836 0 0.25
5.8209 0 0.25
4.02985 0 0.25
6.41791 0 0.25
8.20896 0 0.25
3.73134 0 0.25
4.62687 0 0.25
5.22388 0 0.25
6.71642 0 0.25
7.31343 0 0.25
7.91045 0 0.25
17.1642 0 0.25
2.23881 0 0.25
2.53731 0 0.25
2.83582 0 0.25
3.13433 0 0.25
3.43284 0 0.25
9.70149 0 0.25
1.9403 0 0.25
0.746269 0 0.25
0.460199 0 0.255982
1.04478 0 0.25
1.34328 0 0.25
1.64179 0 0.25
4.92537 0 0.25
5.52239 0 0.25
7.01493 0 0.25
7.61194 0 0.25
11.194 0 0.25
10.2985 0 0.25
12.3881 0 0.25
13.5821 0 0.25
15.0746 0 0.25
10 0 0.25
11.4925 0 0.25
12.6866 0 0.25
14.7761 0 0.25
15.9701 0 0.25
13.8806 0 0.25
16.2687 0 0.25
18.3582 0 0.25
10.597 0 0.25
10.8955 0 0.25
11.791 0 0.25
12.0896 0 0.25
12.9851 0 0.25
13.2836 0 0.25
14.1791 0 0.25
14.4776 0 0.25
15.3731 0 0.25
15.6716 0 0.25
19.7761 0 0.214107
0.223881 0 0.285893
19.8663 0 0.372664
0.133749 0 0.127336
19.5398 1 0.244018
19.2537 1 0.25
16.5672 1 0.25
18.6567 1 0.25
17.4627 1 0.25
18.0597 1 0.25
16.8657 1 0.25
17.7612 1 0.25
18.9552 1 0.25
6.1194 1 0.25
8.50746 1 0.25
8.80597 1 0.25
9.10448 1 0.25
9.40299 1 0.25
4.32836 1 0.25
5.8209 1 0.25
4.02985 1 0.25
6.41791 1 0.25
8.20896 1 0.25
3.73134 1 0.25
4.62687 1 0.25
5.22388 1 0.25
6.71642 1 0.25
7.31343 1 0.25
7.91045 1 0.25
17.1642 1 0.25
11.194 1 0.25
2.23881 1 0.25
2.53731 1 0.25
2.83582 1 0.25
3.13433 1 0.25
3.43284 1 0.25
9.70149 1 0.25
1.9403 1 0.25
0.746269 1 0.25
0.460199 1 0.255982
1.04478 1 0.25
1.34328 1 0.25
1.64179 1 0.25
4.92537 1 0.25
5.52239 1 0.25
7.01493 1 0.25
7.61194 1 0.25
12.6866 1 0.25
15.0746 1 0.25
10 1 0.25
10.2985 1 0.25
11.4925 1 0.25
12.3881 1 0.25
13.5821 1 0.25
14.7761 1 0.25
15.9701 1 0.25
13.8806 1 0.25
16.2687 1 0.25
18.3582 1 0.25
10.597 1 0.25
10.8955 1 0.25
11.791 1 0.25
12.0896 1 0.25
12.9851 1 0.25
13.2836 1 0.25
14.1791 1 0.25
14.4776 1 0.25
15.3731 1 0.25
15.6716 1 0.25
19.7761 1 0.214107
0.223881 1 0.285893
19.8663 1 0.372664
0.133749 1 0.127336
19.2507 0.251044 0
9.10448 0.255675 0
16.8657 0.741485 0
17.7612 0.744325 0
6.1194 0.258515 0
8.50746 0.258515 0
4.02985 0.258515 0
9.70149 0.741485 0
4.92537 0.741485 0
5.52476 0.742856 0
6.71642 0.258515 0
7.31343 0.258515 0
7.91045 0.258515 0
2.23881 0.258515 0
2.83582 0.258515 0
3.43284 0.258515 0
0.749321 0.748956 0
1.34328 0.258515 0
18.6567 0.258515 0
11.194 0.258515 0
10.597 0.258515 0
11.791 0.258515 0
12.9851 0.258515 0
14.1791 0.258515 0
15.3755 0.257144 0
12.3881 0.258515 0
13.5821 0.741485 0
14.7761 0.258515 0
15.9701 0.741485 0
18.0597 0.258515 0
17.1642 0.258515 0
16.2687 0.258515 0
18.3582 0.741485 0
6.41791 0.741485 0
10.2985 0.741485 0
14.4776 0.741485 0
4.32836 0.741485 0
7.61194 0.741485 0
8.80597 0.741485 0
8.20896 0.741485 0
3.73134 0.741485 0
12.0896 0.741485 0
4.62687 0.258515 0
1.9403 0.741485 0
2.53731 0.741485 0
3.13433 0.741485 0
5.22558 0.251383 0
0.432908 0.258021 0
7.01493 0.741485 0
10 0.258515 0
18.9552 0.741485 0
12.6866 0.741485 0
10.8955 0.741485 0
11.4925 0.741485 0
15.0763 0.748617 0
19.5671 0.741979 0
19.7903 0.382564 0
0.209658 0.617436 0
1.34328 0.741485 0
13.5821 0.258515 0
19.2562 0.747227 0
0.743766 0.252773 0
1.04456 0.25513 0
18.0597 0.743086 0
15.9701 0.258515 0
15.672 0.255447 0
15.5276 0.504937 0
17.1642 0.741485 0
16.2687 0.741485 0
18.9551 0.256713 0
17.4627 0.744798 0
17.6119 0.498287 0
11.194 0.741485 0
16.8657 0.258515 0
16.5672 0.258515 0
14.4776 0.258515 0
18.3582 0.258515 0
13.8806 0.741485 0
14.1791 0.741485 0
16.5672 0.741485 0
13.8806 0.258515 0
12.0896 0.258515 0
9.40299 0.255202 0
9.25373 0.501713 0
9.70149 0.256893 0
10.2985 0.258515 0
10.8955 0.258515 0
7.91045 0.741485 0
6.71642 0.741485 0
8.50746 0.741485 0
7.61194 0.258515 0
8.80597 0.256914 0
4.32836 0.258515 0
5.82129 0.744553 0
5.67685 0.495063 0
4.92552 0.255012 0
6.41791 0.258515 0
12.6866 0.258515 0
4.62687 0.741485 0
1.9403 0.258515 0
3.73134 0.258515 0
1.64179 0.258515 0
2.23881 0.741485 0
2.83582 0.741485 0
4.02985 0.741485 0
3.13433 0.258515 0
12.9851 0.741485 0
13.2836 0.741485 0
1.04491 0.743287 0
5.22665 0.745923 0
11.791 0.741485 0
7.01493 0.258515 0
6.11942 0.743096 0
1.64179 0.741485 0
2.53731 0.258515 0
3.43284 0.741485 0
12.3881 0.741485 0
7.31343 0.741485 0
10 0.741485 0
8.20896 0.258515 0
10.597 0.741485 0
13.2836 0.258515 0
14.7763 0.744988 0
11.4925 0.258515 0
15.0774 0.254077 0
18.6567 0.741485 0
0.202961 0.382998 0
19.797 0.617002 0
0.432366 0.741994 0
19.5676 0.258006 0
0.606671 0.500291 0
19.3933 0.499709 0
17.7754 0.25029 0
9.41723 0.74971 0
5.82176 0.249177 0
9.09023 0.74971 0
5.37514 0.496117 0
15.6725 0.750823 0
15.2259 0.503883 0
17.4484 0.25029 0
19.1045 0.5 0
0.895522 0.5 0
1.19403 0.5 0
8.0597 0.5 0
11.9403 0.5 0
6.56716 0.5 0
4.1791 0.5 0
7.46269 0.5 0
6.86567 0.5 0
3.8806 0.5 0
6.26866 0.5 0
7.76119 0.5 0
3.58209 0.5 0
4.77612 0.5 0
2.38806 0.5 0
2.68657 0.5 0
8.35821 0.5 0
2.08955 0.5 0
3.28358 0.5 0
1.49254 0.5 0
7.16418 0.5 0
1.79104 0.5 0
4.47761 0.5 0
9.85075 0.5 0
12.5373 0.5 0
2.98507 0.5 0
5.07573 0.49832 0
12.8358 0.5 0
12.2388 0.5 0
11.3433 0.5 0
10.1493 0.5 0
11.6418 0.5 0
14.3284 0.5 0
14.9265 0.50168 0
10.4478 0.5 0
18.5075 0.5 0
10.7463 0.5 0
13.4328 0.5 0
14.6269 0.5 0
18.209 0.5 0
18.806 0.5 0
13.7313 0.5 0
13.1343 0.5 0
8.65672 0.5 0
14.0299 0.5 0
16.4179 0.5 0
16.7164 0.5 0
11.0448 0.5 0
17.0149 0.500002 0
16.1194 0.499998 0
15.3748 0.751377 0
5.97015 0.50001 0
8.95522 0.49999 0
5.52402 0.248623 0
9.55224 0.49999 0
17.3134 0.50001 0
15.8209 0.49999 0
17.9104 0.50001 0
19.8131 0.821796 0
0.186875 0.178204 0
0.379549 0.500106 0
19.6205 0.499894 0
19.8119 0.178114 0
0.188106 0.821886 0
19.2507 0.251044 0.5
6.11771 0.748617 0.5
9.10448 0.255675 0.5
16.8657 0.741485 0.5
17.7612 0.744325 0.5
8.50746 0.258515 0.5
4.02985 0.258515 0.5
9.70149 0.741485 0.5
4.92537 0.258515 0.5
5.52239 0.255675 0.5
6.71642 0.258515 0.5
7.31343 0.741485 0.5
7.91045 0.741485 0.5
2.23881 0.258515 0.5
2.83582 0.258515 0.5
3.43284 0.258515 0.5
0.749321 0.748956 0.5
1.34328 0.258515 0.5
18.6567 0.258515 0.5
10.597 0.258515 0.5
11.791 0.258515 0.5
12.9851 0.258515 0.5
14.1791 0.258515 0.5
15.3731 0.258515 0.5
11.194 0.258515 0.5
12.3881 0.258515 0.5
13.5821 0.258515 0.5
14.7761 0.258515 0.5
15.9701 0.258515 0.5
18.0597 0.258515 0.5
17.1642 0.258515 0.5
16.2687 0.741485 0.5
18.3582 0.741485 0.5
7.61194 0.258515 0.5
10.2985 0.741485 0.5
14.4776 0.741485 0.5
4.32836 0.741485 0.5
8.80597 0.741485 0.5
3.73134 0.741485 0.5
12.0896 0.741485 0.5
1.9403 0.741485 0.5
5.22388 0.741485 0.5
2.53731 0.741485 0.5
3.13433 0.741485 0.5
0.432908 0.258021 0.5
10 0.258515 0.5
18.9552 0.741485 0.5
13.8806 0.741485 0.5
11.4925 0.741485 0.5
12.6866 0.741485 0.5
10.8955 0.741485 0.5
13.2836 0.741485 0.5
15.0746 0.741485 0.5
15.6716 0.741485 0.5
16.5672 0.258515 0.5
19.5671 0.741979 0.5
19.7903 0.382564 0.5
0.209658 0.617436 0.5
6.11703 0.254306 0.5
6.71642 0.741485 0.5
1.34328 0.741485 0.5
19.2562 0.747227 0.5
0.743766 0.252773 0.5
1.04456 0.25513 0.5
18.0597 0.743086 0.5
17.1642 0.741485 0.5
18.9551 0.256713 0.5
17.4627 0.744798 0.5
17.6119 0.498287 0.5
11.194 0.741485 0.5
14.4776 0.258515 0.5
8.50746 0.741485 0.5
18.3582 0.258515 0.5
15.3731 0.741485 0.5
15.9701 0.741485 0.5
16.8657 0.258515 0.5
16.2687 0.258515 0.5
10.8955 0.258515 0.5
12.0896 0.258515 0.5
9.40299 0.255202 0.5
9.25373 0.501713 0.5
9.70149 0.256893 0.5
10.2985 0.258515 0.5
13.8806 0.258515 0.5
4.92537 0.741485 0.5
7.61194 0.741485 0.5
8.80597 0.256914 0.5
12.9851 0.741485 0.5
7.91045 0.258515 0.5
14.1791 0.741485 0.5
5.81813 0.255969 0.5
5.66643 0.504779 0.5
12.6866 0.258515 0.5
1.9403 0.258515 0.5
3.73134 0.258515 0.5
4.32836 0.258515 0.5
1.64179 0.258515 0.5
2.23881 0.741485 0.5
2.83582 0.741485 0.5
4.02985 0.741485 0.5
6.41777 0.744988 0.5
4.62687 0.741485 0.5
3.13433 0.258515 0.5
4.62687 0.258515 0.5
5.22388 0.256914 0.5
1.04491 0.743287 0.5
13.5821 0.741485 0.5
7.01493 0.258515 0.5
1.64179 0.741485 0.5
11.791 0.741485 0.5
2.53731 0.258515 0.5
6.41771 0.255261 0.5
13.2836 0.258515 0.5
3.43284 0.741485 0.5
12.3881 0.741485 0.5
7.01493 0.741485 0.5
10 0.741485 0.5
8.20896 0.258515 0.5
8.20896 0.741485 0.5
7.31343 0.258515 0.5
10.597 0.741485 0.5
11.4925 0.258515 0.5
15.6716 0.258515 0.5
14.7761 0.741485 0.5
15.0746 0.258515 0.5
16.5672 0.741485 0.5
18.6567 0.741485 0.5
0.202961 0.382998 0.5
19.797 0.617002 0.5
0.432366 0.741994 0.5
19.5676 0.258006 0.5
0.606671 0.500291 0.5
19.3933 0.499709 0.5
17.7754 0.25029 0.5
5.52152 0.750797 0.5
5.96814 0.503699 0.5
9.41723 0.74971 0.5
9.09023 0.74971 0.5
17.4484 0.25029 0.5
19.1045 0.5 0.5
0.895522 0.5 0.5
1.19403 0.5 0.5
6.56711 0.500041 0.5
6.86566 0.500007 0.5
6.26758 0.501152 0.5
11.9403 0.5 0.5
15.5224 0.5 0.5
8.0597 0.5 0.5
7.16418 0.500001 0.5
4.47761 0.5 0.5
4.1791 0.5 0.5
4.77612 0.5 0.5
8.35821 0.5 0.5
3.8806 0.5 0.5
7.46269 0.5 0.5
7.76119 0.5 0.5
3.58209 0.5 0.5
2.38806 0.5 0.5
2.68657 0.5 0.5
12.8358 0.5 0.5
15.2239 0.5 0.5
2.08955 0.5 0.5
3.28358 0.5 0.5
1.49254 0.5 0.5
1.79104 0.5 0.5
9.85075 0.5 0.5
12.5373 0.5 0.5
5.07463 0.5 0.5
2.98507 0.5 0.5
12.2388 0.5 0.5
16.7164 0.5 0.5
11.3433 0.5 0.5
14.0299 0.5 0.5
10.1493 0.5 0.5
11.6418 0.5 0.5
8.65672 0.5 0.5
15.8209 0.5 0.5
14.9254 0.5 0.5
10.4478 0.5 0.5
10.7463 0.5 0.5
18.5075 0.5 0.5
13.4328 0.5 0.5
14.6269 0.5 0.5
16.4179 0.5 0.5
14.3284 0.5 0.5
13.1343 0.5 0.5
18.209 0.5 0.5
18.806 0.5 0.5
17.0149 0.500002 0.5
11.0448 0.5 0.5
13.7313 0.5 0.5
16.1194 0.5 0.5
5.81926 0.751315 0.5
8.95522 0.49999 0.5
5.37313 0.49999 0.5
9.55224 0.49999 0.5
17.3134 0.50001 0.5
17.9104 0.50001 0.5
19.8131 0.821796 0.5
0.186875 0.178204 0.5
0.379549 0.500106 0.5
19.6205 0.499894 0.5
19.8119 0.178114 0.5
0.188106 0.821886 0.5
13.2835 0.583601 0.250083
19.7468 0.501123 0.25
0.253239 0.498877 0.25
9.25385 0.333348 0.25
17.6118 0.666652 0.25
5.37514 0.668101 0.25029
14.7761 0.574618 0.248819
1.04478 0.575861 0.25
18.9552 0.424139 0.25
9.7015 0.424262 0.25
8.78011 0.415261 0.25
18.0597 0.575724 0.25
5.96813 0.331895 0.249923
15.8203 0.332767 0.249652
15.8209 0.666863 0.249997
17.0344 0.343611 0.25
12.9851 0.574618 0.25
13.1432 0.285427 0.25
13.1258 0.860507 0.25
13.4477 0.860438 0.25
13.593 0.587232 0.25
13.4413 0.327187 0.253614
3.43284 0.574618 0.25
10.2985 0.425382 0.25
2.53731 0.425382 0.25
12.3881 0.574618 0.25
2.08955 0.333133 0.25
1.64179 0.574618 0.25
2.83582 0.574618 0.25
2.08955 0.666867 0.25
4.62687 0.574618 0.25
3.73134 0.425382 0.25
3.13433 0.425382 0.25
4.1791 0.333133 0.25
6.90347 0.6453 0.245272
4.1791 0.666867 0.25
7.20359 0.338824 0.255184
8.0597 0.333133 0.25
12.6866 0.425382 0.25
7.76119 0.666867 0.25
11.4925 0.425382 0.25
10.8955 0.574618 0.25
18.6567 0.574618 0.25
8.35821 0.666867 0.25
12.0896 0.425382 0.25
11.791 0.574618 0.25
14.4776 0.425382 0.25
14.1791 0.574618 0.25
13.8806 0.425382 0.25
16.2687 0.574618 0.25
16.7164 0.666867 0.25
10 0.574618 0.25
18.3582 0.425382 0.25
6.56716 0.333133 0.25
1.34328 0.425382 0.25
5.07463 0.666867 0.250068
15.0746 0.425382 0.250075
6.26826 0.667112 0.249617
15.375 0.424255 0.249547
10.5986 0.424429 0.25
11.1925 0.424429 0.25
16.7149 0.334086 0.25
7.75965 0.334086 0.25
7.46115 0.665915 0.25
8.35975 0.334086 0.25
17.0165 0.665916 0.25
5.07503 0.332884 0.250558
6.26765 0.333757 0.249146
5.96778 0.672046 0.251624
5.37552 0.327818 0.248451
19.4811 0.620173 0.25
0.518853 0.379827 0.25
8.0597 0.675161 0.25
6.86567 0.324839 0.25
6.56697 0.674378 0.250117
