2581 921
14 4 707 505 850 911 
14 4 628 575 695 904 
14 4 575 860 695 904 
14 4 796 882 585 908 
14 4 598 880 790 909 
14 4 585 882 449 908 
14 4 790 880 757 909 
14 4 838 850 633 911 
14 4 633 850 505 911 
14 4 707 850 838 911 
14 4 707 709 838 850 
14 4 508 505 633 850 
14 4 715 628 695 904 
14 4 476 679 527 856 
14 4 527 679 713 856 
14 4 680 478 741 877 
14 4 684 739 482 870 
14 4 482 739 540 870 
14 4 735 537 738 873 
14 4 539 738 537 873 
14 4 542 741 478 877 
14 4 737 745 530 876 
14 4 676 472 762 869 
14 4 472 558 762 869 
14 4 690 510 491 886 
14 4 690 711 510 886 
14 4 718 469 670 895 
14 4 469 718 512 895 
14 4 696 512 718 895 
14 4 670 469 502 895 
14 4 530 745 480 876 
14 4 480 745 650 876 
14 4 628 715 492 904 
14 4 585 449 528 908 
14 4 790 757 653 909 
14 4 512 895 696 907 
14 4 715 902 492 904 
14 4 694 492 715 902 
14 4 480 650 533 876 
14 4 527 856 713 889 
14 4 711 510 886 906 
14 4 762 869 558 905 
14 4 735 872 537 873 
14 4 540 870 739 875 
14 4 741 877 542 881 
14 4 737 876 530 879 
14 4 834 851 447 914 
14 4 631 732 858 915 
14 4 670 502 859 895 
14 4 533 876 650 912 
14 4 532 447 851 914 
14 4 834 733 851 914 
14 4 733 858 732 915 
14 4 631 858 532 915 
14 4 834 733 776 851 
14 4 532 631 572 858 
14 4 532 851 733 914 
14 4 704 705 500 853 
14 4 532 858 733 915 
14 4 688 488 498 854 
14 4 733 732 651 915 
14 4 532 531 447 914 
14 4 509 710 780 570 
14 4 521 778 779 722 
14 4 773 853 782 917 
14 4 568 579 853 917 
14 4 774 854 781 916 
14 4 578 854 569 916 
14 4 569 438 567 916 
14 4 772 642 774 916 
14 4 568 454 566 917 
14 4 658 773 771 917 
14 4 499 704 500 853 
14 4 688 498 703 854 
14 4 838 780 633 850 
14 4 396 684 482 397 
14 4 537 337 332 738 
14 4 478 388 680 741 
14 4 735 537 332 738 
14 4 537 539 337 738 
14 4 684 396 482 739 
14 4 540 482 396 739 
14 4 388 478 542 741 
14 4 385 388 542 741 
14 4 737 530 320 314 
14 4 737 320 530 745 
14 4 380 379 476 679 
14 4 424 676 415 472 
14 4 424 762 676 472 
14 4 527 476 379 679 
14 4 472 424 762 558 
14 4 679 379 527 713 
14 4 469 718 670 353 
14 4 512 718 469 353 
14 4 510 395 690 491 
14 4 395 416 690 491 
14 4 512 302 696 353 
14 4 690 711 395 510 
14 4 512 696 718 353 
14 4 502 469 670 353 
14 4 670 502 353 351 
14 4 480 530 320 745 
14 4 650 480 320 745 
14 4 433 695 628 575 
14 4 533 320 338 650 
14 4 480 650 320 533 
14 4 432 433 715 628 
14 4 433 695 715 628 
14 4 413 432 694 492 
14 4 715 694 432 492 
14 4 628 715 432 492 
14 4 384 409 447 834 
14 4 339 315 631 732 
14 4 500 335 705 333 
14 4 772 567 438 916 
14 4 772 438 642 916 
14 4 658 771 454 917 
14 4 454 771 566 917 
14 4 578 438 569 854 
14 4 781 774 642 854 
14 4 454 568 579 853 
14 4 658 782 773 853 
14 4 504 860 575 904 
14 4 628 504 575 904 
14 4 628 492 576 904 
14 4 492 902 576 904 
14 4 649 571 445 855 
14 4 775 671 467 857 
14 4 705 704 500 333 
14 4 498 688 377 488 
14 4 722 779 521 849 
14 4 509 710 570 850 
14 4 778 722 521 849 
14 4 710 509 780 850 
14 4 377 703 498 370 
14 4 775 780 710 570 
14 4 577 509 780 570 
14 4 778 571 521 779 
14 4 571 573 521 779 
14 4 713 856 817 889 
14 4 527 621 856 889 
14 4 679 817 713 856 
14 4 476 527 621 856 
14 4 703 377 498 688 
14 4 704 499 500 333 
14 4 570 307 780 304 
14 4 382 381 571 778 
14 4 591 876 533 912 
14 4 591 480 533 876 
14 4 704 782 705 853 
14 4 579 499 500 853 
14 4 833 670 859 895 
14 4 627 859 502 895 
14 4 737 791 876 879 
14 4 540 592 870 875 
14 4 739 870 799 875 
14 4 537 872 599 873 
14 4 735 806 872 873 
14 4 587 542 877 881 
14 4 741 795 877 881 
14 4 530 876 600 879 
14 4 781 688 703 854 
14 4 488 578 498 854 
14 4 825 696 895 907 
14 4 623 895 512 907 
14 4 650 876 793 912 
14 4 627 502 469 895 
14 4 737 791 745 876 
14 4 482 540 592 870 
14 4 739 684 799 870 
14 4 587 542 478 877 
14 4 741 795 680 877 
14 4 539 537 599 873 
14 4 735 738 806 873 
14 4 472 612 558 869 
14 4 820 676 762 869 
14 4 510 607 491 886 
14 4 711 690 813 886 
14 4 825 696 718 895 
14 4 833 718 670 895 
14 4 469 512 623 895 
14 4 793 650 745 876 
14 4 607 886 510 906 
14 4 711 886 813 906 
14 4 558 869 612 905 
14 4 762 820 869 905 
14 4 530 480 600 876 
14 4 788 695 860 904 
14 4 788 715 695 904 
14 4 694 715 802 902 
14 4 715 802 902 904 
14 4 722 835 779 849 
14 4 509 570 635 850 
14 4 778 837 722 849 
14 4 838 710 780 850 
14 4 844 296 365 847 
14 4 641 435 291 848 
14 4 772 642 438 300 
14 4 772 438 567 300 
14 4 404 566 454 771 
14 4 771 454 404 658 
14 4 632 571 837 855 
14 4 775 635 839 857 
14 4 840 434 297 847 
14 4 366 637 290 848 
14 4 401 571 445 649 
14 4 380 476 573 679 
14 4 775 671 305 467 
14 4 296 640 365 847 
14 4 435 845 291 848 
14 4 290 841 366 848 
14 4 297 434 636 847 
14 4 403 404 454 658 
14 4 301 438 642 300 
14 4 780 775 307 570 
14 4 780 577 570 304 
14 4 573 571 381 779 
14 4 778 381 571 779 
14 4 295 296 844 847 
14 4 641 291 289 848 
14 4 290 288 841 848 
14 4 297 636 294 847 
14 4 637 848 366 917 
14 4 434 847 840 916 
14 4 302 512 696 907 
14 4 394 505 707 911 
14 4 649 401 571 778 
14 4 305 775 467 570 
14 4 679 573 380 779 
14 4 433 695 575 860 
14 4 632 445 571 855 
14 4 779 835 679 856 
14 4 671 775 839 857 
14 4 735 332 537 872 
14 4 739 396 540 875 
14 4 542 385 741 881 
14 4 530 314 737 879 
14 4 379 527 713 889 
14 4 672 468 325 861 
14 4 410 486 757 880 
14 4 502 351 670 859 
14 4 585 882 796 909 
14 4 650 338 533 912 
14 4 366 848 841 917 
14 4 636 847 434 916 
14 4 585 796 908 909 
14 4 790 880 598 882 
14 4 790 882 598 909 
14 4 296 494 640 847 
14 4 845 699 291 848 
14 4 686 841 848 917 
14 4 637 485 848 917 
14 4 697 840 847 916 
14 4 493 847 636 916 
14 4 630 849 835 856 
14 4 839 635 850 857 
14 4 837 849 632 855 
14 4 577 780 325 304 
14 4 775 305 307 570 
14 4 401 382 571 778 
14 4 381 380 573 779 
14 4 365 640 567 847 
14 4 771 845 435 848 
14 4 772 847 567 916 
14 4 771 848 566 917 
14 4 297 770 840 847 
14 4 290 637 564 848 
14 4 496 406 702 873 
14 4 453 330 657 878 
14 4 388 478 680 868 
14 4 656 328 452 878 
14 4 483 685 399 874 
14 4 397 684 482 874 
14 4 656 452 328 870 
14 4 453 657 330 877 
14 4 399 685 483 868 
14 4 479 427 681 871 
14 4 667 344 463 884 
14 4 357 459 662 890 
14 4 412 489 691 871 
14 4 558 424 762 887 
14 4 427 479 681 891 
14 4 361 664 461 894 
14 4 491 416 690 891 
14 4 662 459 357 886 
14 4 412 691 489 862 
14 4 689 515 421 893 
14 4 344 667 463 890 
14 4 395 510 711 887 
14 4 445 401 649 897 
14 4 415 472 676 897 
14 4 671 305 467 898 
14 4 303 660 456 898 
14 4 423 674 470 888 
14 4 687 347 487 869 
14 4 539 337 738 900 
14 4 431 473 677 893 
14 4 461 664 361 892 
14 4 473 431 677 852 
14 4 423 470 674 857 
14 4 347 687 487 855 
14 4 456 660 303 854 
14 4 496 702 406 853 
14 4 413 492 694 852 
14 4 524 356 719 905 
14 4 719 356 524 906 
14 4 465 350 669 892 
14 4 465 669 350 902 
14 4 500 705 335 900 
14 4 488 688 377 888 
14 4 716 860 420 895 
14 4 466 420 860 895 
14 4 451 326 870 872 
14 4 655 870 326 872 
14 4 383 474 876 881 
14 4 383 876 678 881 
14 4 481 402 873 875 
14 4 682 873 402 875 
14 4 648 316 877 879 
14 4 444 877 316 879 
14 4 767 895 371 896 
14 4 371 895 517 896 
14 4 408 726 876 901 
14 4 439 312 849 856 
14 4 644 849 312 856 
14 4 376 850 441 857 
14 4 646 850 376 857 
14 4 633 861 838 911 
14 4 520 849 313 855 
14 4 313 849 721 855 
14 4 443 310 856 910 
14 4 647 856 310 910 
14 4 359 863 460 884 
14 4 359 663 863 884 
14 4 408 876 446 901 
14 4 364 859 503 904 
14 4 764 859 364 904 
14 4 497 867 345 894 
14 4 668 345 867 894 
14 4 532 733 851 915 
14 4 733 858 532 914 
14 4 844 772 698 847 
14 4 567 640 494 847 
14 4 495 566 641 848 
14 4 771 699 845 848 
14 4 445 649 855 897 
14 4 467 857 671 898 
14 4 558 887 762 905 
14 4 510 711 887 906 
14 4 694 852 492 902 
14 4 483 685 874 878 
14 4 680 868 478 877 
14 4 656 452 874 878 
14 4 657 868 453 878 
14 4 452 870 656 874 
14 4 453 868 657 877 
14 4 684 870 482 874 
14 4 483 868 685 878 
14 4 479 871 681 890 
14 4 463 871 667 884 
14 4 489 691 871 884 
14 4 681 479 890 891 
14 4 489 862 691 884 
14 4 459 662 890 891 
14 4 667 871 463 890 
14 4 459 886 662 891 
14 4 690 886 491 891 
14 4 664 893 461 894 
14 4 515 893 689 894 
14 4 472 869 676 897 
14 4 660 888 456 898 
14 4 674 470 888 898 
14 4 687 869 487 897 
14 4 496 873 702 900 
14 4 738 873 539 900 
14 4 664 892 461 893 
14 4 473 892 677 893 
14 4 660 854 456 888 
14 4 674 857 470 898 
14 4 687 487 855 897 
14 4 496 702 853 900 
14 4 473 852 677 892 
14 4 500 853 705 900 
14 4 719 887 524 905 
14 4 719 524 887 906 
14 4 421 515 689 866 
14 4 553 388 400 868 
14 4 398 541 483 874 
14 4 702 406 750 873 
14 4 496 551 406 873 
14 4 407 750 406 873 
14 4 752 327 655 870 
14 4 551 407 406 873 
14 4 388 680 755 868 
14 4 388 553 478 868 
14 4 388 755 400 868 
14 4 326 327 552 870 
14 4 744 657 330 878 
14 4 453 543 330 878 
14 4 326 655 327 870 
14 4 399 398 483 874 
14 4 541 398 397 874 
14 4 397 398 684 874 
14 4 744 330 329 878 
14 4 685 400 755 868 
14 4 451 326 552 870 
14 4 402 407 551 873 
14 4 402 750 407 873 
14 4 397 482 541 874 
14 4 744 328 656 878 
14 4 543 329 330 878 
14 4 740 399 685 874 
14 4 452 328 543 878 
14 4 399 553 400 868 
14 4 552 328 452 870 
14 4 481 402 551 873 
14 4 328 552 327 870 
14 4 328 327 752 870 
14 4 736 316 319 877 
14 4 750 402 682 873 
14 4 383 389 743 876 
14 4 383 474 536 876 
14 4 383 743 678 876 
14 4 656 328 752 870 
14 4 383 536 389 876 
14 4 744 329 328 878 
14 4 399 483 553 868 
14 4 648 316 736 877 
14 4 543 328 329 878 
14 4 399 740 398 874 
14 4 399 400 685 868 
14 4 330 319 538 877 
14 4 330 736 319 877 
14 4 319 316 444 877 
14 4 657 736 330 877 
14 4 538 453 330 877 
14 4 444 538 319 877 
14 4 389 726 743 876 
14 4 740 684 398 874 
14 4 408 726 389 876 
14 4 426 416 548 891 
14 4 463 349 535 884 
14 4 768 423 372 888 
14 4 734 349 667 884 
14 4 431 677 731 893 
14 4 359 535 349 884 
14 4 523 343 458 869 
14 4 359 349 734 884 
14 4 535 359 460 884 
14 4 344 349 463 884 
14 4 734 663 359 884 
14 4 667 349 344 884 
14 4 347 343 523 869 
14 4 515 516 430 893 
14 4 731 430 431 893 
14 4 423 563 372 888 
14 4 724 661 355 869 
14 4 355 343 724 869 
14 4 361 352 664 894 
14 4 681 751 426 891 
14 4 426 690 416 891 
14 4 430 689 421 893 
14 4 756 681 427 871 
14 4 417 489 412 871 
14 4 756 427 417 871 
14 4 427 554 417 871 
14 4 479 554 427 871 
14 4 417 412 691 871 
14 4 491 548 416 891 
14 4 361 461 352 894 
14 4 458 343 355 869 
14 4 430 421 515 893 
14 4 426 427 681 891 
14 4 489 544 428 862 
14 4 417 554 489 871 
14 4 417 691 756 871 
14 4 692 762 425 887 
14 4 490 510 395 887 
14 4 425 490 395 887 
14 4 668 725 345 894 
14 4 692 425 395 887 
14 4 558 490 424 887 
14 4 358 519 357 890 
14 4 358 357 720 890 
14 4 711 692 395 887 
14 4 548 479 427 891 
14 4 357 662 720 890 
14 4 357 519 459 890 
14 4 357 348 763 886 
14 4 412 489 428 862 
14 4 725 352 345 894 
14 4 518 497 345 894 
14 4 763 662 357 886 
14 4 426 751 690 891 
14 4 412 428 691 862 
14 4 426 548 427 891 
14 4 430 731 689 893 
14 4 357 459 348 886 
14 4 561 348 459 886 
14 4 345 352 518 894 
14 4 424 490 425 887 
14 4 424 425 762 887 
14 4 666 763 348 886 
14 4 342 666 348 886 
14 4 342 348 561 886 
14 4 428 729 691 862 
14 4 664 352 725 894 
14 4 561 457 342 886 
14 4 344 358 667 890 
14 4 720 667 358 890 
14 4 344 463 519 890 
14 4 519 358 344 890 
14 4 518 352 461 894 
14 4 377 768 372 888 
14 4 377 372 563 888 
14 4 767 673 371 895 
14 4 422 371 673 895 
14 4 422 506 371 895 
14 4 517 371 506 895 
14 4 422 673 420 895 
14 4 466 506 420 895 
14 4 673 716 420 895 
14 4 422 420 506 895 
14 4 414 758 649 897 
14 4 445 556 414 897 
14 4 414 649 401 897 
14 4 445 414 401 897 
14 4 676 758 414 897 
14 4 414 556 415 897 
14 4 414 415 676 897 
14 4 556 472 415 897 
14 4 671 354 305 898 
14 4 354 467 305 898 
14 4 467 354 514 898 
14 4 671 714 354 898 
14 4 456 514 354 898 
14 4 714 660 354 898 
14 4 303 354 660 898 
14 4 303 456 354 898 
14 4 423 768 674 888 
14 4 423 470 563 888 
14 4 347 523 487 869 
14 4 687 343 347 869 
14 4 724 343 687 869 
14 4 458 869 355 905 
14 4 661 355 869 905 
14 4 342 886 457 906 
14 4 342 666 886 906 
14 4 539 336 337 900 
14 4 336 738 337 900 
14 4 430 473 431 893 
14 4 430 516 473 893 
14 4 362 712 669 892 
14 4 669 350 362 892 
14 4 362 361 664 892 
14 4 362 350 513 892 
14 4 461 361 362 892 
14 4 664 712 362 892 
14 4 513 461 362 892 
14 4 336 539 455 900 
14 4 738 336 659 900 
14 4 431 419 677 852 
14 4 765 419 413 852 
14 4 419 765 677 852 
14 4 413 694 765 852 
14 4 669 852 465 892 
14 4 665 346 766 902 
14 4 350 766 346 902 
14 4 665 363 346 902 
14 4 766 350 669 902 
14 4 465 852 669 902 
14 4 488 854 688 888 
14 4 363 902 665 904 
14 4 470 423 501 857 
14 4 423 674 706 857 
14 4 728 310 647 856 
14 4 529 443 310 856 
14 4 723 687 347 855 
14 4 347 487 522 855 
14 4 660 708 303 854 
14 4 456 303 507 854 
14 4 406 546 496 853 
14 4 406 702 747 853 
14 4 706 374 423 857 
14 4 374 501 423 857 
14 4 310 311 529 856 
14 4 310 728 311 856 
14 4 522 331 347 855 
14 4 331 723 347 855 
14 4 406 405 546 853 
14 4 406 747 405 853 
14 4 708 308 303 854 
14 4 308 507 303 854 
14 4 374 646 376 857 
14 4 374 376 441 857 
14 4 312 439 311 856 
14 4 312 311 644 856 
14 4 313 331 520 855 
14 4 313 721 331 855 
14 4 706 646 374 857 
14 4 374 441 501 857 
14 4 439 529 311 856 
14 4 728 644 311 856 
14 4 522 520 331 855 
14 4 723 331 721 855 
14 4 768 377 688 888 
14 4 488 377 563 888 
14 4 500 335 336 900 
14 4 336 335 705 900 
14 4 389 536 446 876 
14 4 408 389 446 876 
14 4 431 560 419 852 
14 4 473 560 431 852 
14 4 465 513 350 892 
14 4 355 356 458 905 
14 4 661 356 355 905 
14 4 719 356 661 905 
14 4 458 356 524 905 
14 4 342 524 356 906 
14 4 342 356 719 906 
14 4 342 457 524 906 
14 4 719 666 342 906 
14 4 419 560 413 852 
14 4 659 336 705 900 
14 4 500 336 455 900 
14 4 350 346 465 902 
14 4 665 764 364 904 
14 4 364 363 665 904 
14 4 413 560 492 852 
14 4 503 462 364 904 
14 4 562 346 363 902 
14 4 364 462 363 904 
14 4 562 902 363 904 
14 4 294 297 298 636 
14 4 292 841 290 288 
14 4 465 346 562 902 
14 4 844 295 299 296 
14 4 289 641 293 291 
14 4 515 689 866 894 
14 4 562 363 462 904 
14 4 770 697 840 847 
14 4 493 565 636 847 
14 4 769 686 841 848 
14 4 564 637 485 848 
14 4 833 859 860 895 
14 4 627 860 859 895 
14 4 592 872 870 875 
14 4 870 872 799 875 
14 4 872 873 806 875 
14 4 599 873 872 875 
14 4 876 879 791 881 
14 4 600 879 876 881 
14 4 795 879 877 881 
14 4 877 879 587 881 
14 4 686 366 841 917 
14 4 493 636 434 916 
14 4 817 889 856 910 
14 4 621 856 889 910 
14 4 876 901 793 912 
14 4 591 901 876 912 
14 4 825 895 896 907 
14 4 623 896 895 907 
14 4 788 860 859 904 
14 4 454 403 658 853 
14 4 438 301 642 854 
14 4 859 860 504 904 
14 4 405 658 403 853 
14 4 454 405 403 853 
14 4 438 308 301 854 
14 4 642 301 308 854 
14 4 298 297 434 636 
14 4 290 841 292 366 
14 4 296 295 494 847 
14 4 291 699 289 848 
14 4 405 454 546 853 
14 4 405 747 658 853 
14 4 438 507 308 854 
14 4 708 642 308 854 
14 4 418 421 689 866 
14 4 418 689 748 866 
14 4 418 515 421 866 
14 4 418 464 515 866 
14 4 567 847 639 916 
14 4 772 843 847 916 
14 4 638 566 848 917 
14 4 842 848 771 917 
14 4 698 295 844 847 
14 4 289 495 641 848 
14 4 290 564 288 848 
14 4 297 294 770 847 
14 4 636 565 294 847 
14 4 841 288 769 848 
14 4 499 333 704 917 
14 4 370 703 498 916 
14 4 460 863 862 884 
14 4 663 862 863 884 
14 4 303 354 151 660 
14 4 354 303 85 456 
14 4 669 138 362 350 
14 4 379 476 184 380 
14 4 392 179 555 410 
14 4 463 344 65 349 
14 4 667 131 344 349 
14 4 543 330 34 453 
14 4 744 100 330 657 
14 4 337 332 29 537 
14 4 388 755 233 400 
14 4 164 482 541 397 
14 4 336 337 28 539 
14 4 94 337 336 738 
14 4 407 402 227 750 
14 4 397 541 164 398 
14 4 167 553 388 400 
14 4 551 161 407 402 
14 4 407 160 551 406 
14 4 141 364 665 764 
14 4 655 752 97 327 
14 4 539 337 29 537 
14 4 496 551 160 406 
14 4 483 165 398 399 
14 4 755 388 233 680 
14 4 226 406 407 750 
14 4 194 426 416 548 
14 4 326 31 552 327 
14 4 486 555 179 410 
14 4 406 226 702 750 
14 4 737 104 320 745 
14 4 543 34 330 329 
14 4 167 553 478 388 
14 4 744 330 100 329 
14 4 161 551 481 402 
14 4 685 400 232 755 
14 4 165 541 483 398 
14 4 65 535 463 349 
14 4 131 667 734 349 
14 4 750 402 227 682 
14 4 552 451 31 326 
14 4 35 330 319 538 
14 4 737 320 104 314 
14 4 102 319 736 316 
14 4 229 396 397 684 
14 4 543 452 33 328 
14 4 433 715 273 432 
14 4 648 102 736 316 
14 4 326 655 97 327 
14 4 444 319 36 316 
14 4 319 330 101 736 
14 4 397 163 482 396 
14 4 99 656 744 328 
14 4 330 35 453 538 
14 4 657 101 330 736 
14 4 419 271 765 413 
14 4 140 766 665 346 
14 4 389 170 536 383 
14 4 95 332 337 738 
14 4 427 681 261 426 
14 4 328 98 752 327 
14 4 170 474 536 383 
14 4 236 383 389 743 
14 4 552 32 328 327 
14 4 538 319 36 444 
14 4 540 482 163 396 
14 4 400 166 553 399 
14 4 684 229 396 739 
14 4 332 95 735 738 
14 4 656 98 752 328 
14 4 33 543 328 329 
14 4 483 553 166 399 
14 4 232 399 400 685 
14 4 236 383 743 678 
14 4 245 410 653 757 
14 4 552 32 452 328 
14 4 328 744 99 329 
14 4 364 141 665 363 
14 4 388 542 168 385 
14 4 388 385 234 741 
14 4 389 726 237 743 
14 4 740 399 231 685 
14 4 190 424 472 558 
14 4 256 762 676 424 
14 4 766 139 350 346 
14 4 694 765 271 413 
14 4 758 254 414 649 
14 4 412 417 197 489 
14 4 379 380 250 679 
14 4 726 389 237 408 
14 4 323 114 675 761 
14 4 245 410 392 653 
14 4 478 542 168 388 
14 4 680 388 234 741 
14 4 398 399 231 740 
14 4 341 323 114 675 
14 4 694 272 432 413 
14 4 530 38 320 314 
14 4 397 398 230 684 
14 4 190 424 415 472 
14 4 415 256 676 424 
14 4 414 188 445 401 
14 4 523 58 458 343 
14 4 445 188 414 556 
14 4 184 527 476 379 
14 4 681 751 261 426 
14 4 138 712 669 362 
14 4 254 401 414 649 
14 4 740 230 398 684 
14 4 766 139 669 350 
14 4 691 263 412 417 
14 4 523 347 57 343 
14 4 250 379 679 713 
14 4 48 323 341 528 
14 4 517 371 210 506 
14 4 359 132 734 349 
14 4 363 140 665 346 
14 4 359 535 66 349 
14 4 528 48 323 449 
14 4 535 359 66 460 
14 4 132 734 663 359 
14 4 676 414 758 255 
14 4 677 270 419 431 
14 4 198 428 489 544 
14 4 489 417 197 554 
14 4 192 395 490 510 
14 4 202 430 421 515 
14 4 263 691 756 417 
14 4 491 194 416 548 
14 4 58 355 458 343 
14 4 192 395 425 490 
14 4 425 258 692 395 
14 4 428 412 198 489 
14 4 711 692 258 395 
14 4 270 765 677 419 
14 4 689 267 421 418 
14 4 362 137 664 361 
14 4 667 130 358 344 
14 4 272 715 694 432 
14 4 515 202 430 516 
14 4 724 661 124 355 
14 4 355 124 724 343 
14 4 348 62 561 459 
14 4 62 348 357 459 
14 4 371 422 210 506 
14 4 127 666 763 348 
14 4 255 676 414 415 
14 4 362 461 71 361 
14 4 428 691 264 412 
14 4 664 712 137 362 
14 4 513 362 72 350 
14 4 720 667 130 358 
14 4 358 63 357 519 
14 4 357 720 129 358 
14 4 143 670 353 351 
14 4 416 260 690 426 
14 4 666 127 342 348 
14 4 660 354 151 714 
14 4 269 677 731 431 
14 4 456 85 354 514 
14 4 273 695 715 433 
14 4 461 362 71 513 
14 4 267 689 748 418 
14 4 129 662 720 357 
14 4 275 673 420 422 
14 4 430 269 731 431 
14 4 519 63 357 459 
14 4 264 729 691 428 
14 4 276 767 673 371 
14 4 189 415 414 556 
14 4 189 415 556 472 
14 4 150 354 305 671 
14 4 84 305 354 467 
14 4 260 751 690 426 
14 4 427 262 756 417 
14 4 196 417 427 554 
14 4 143 670 718 353 
14 4 756 681 262 427 
14 4 479 196 427 554 
14 4 195 427 548 479 
14 4 692 762 257 425 
14 4 421 418 201 515 
14 4 60 342 524 356 
14 4 342 126 719 356 
14 4 427 426 195 548 
14 4 421 268 689 430 
14 4 668 725 135 345 
14 4 64 358 344 519 
14 4 519 344 64 463 
14 4 515 418 201 464 
14 4 512 78 302 353 
14 4 719 666 126 342 
14 4 725 135 345 352 
14 4 60 342 457 524 
14 4 458 355 59 356 
14 4 425 762 257 424 
14 4 661 125 355 356 
14 4 268 731 689 430 
14 4 512 469 78 353 
14 4 61 342 348 561 
14 4 348 763 128 357 
14 4 61 342 561 457 
14 4 345 518 69 497 
14 4 361 136 664 352 
14 4 59 524 458 356 
14 4 763 662 128 357 
14 4 518 345 69 352 
14 4 558 191 424 490 
14 4 125 661 719 356 
14 4 371 673 276 422 
14 4 466 209 420 506 
14 4 275 673 716 420 
14 4 217 372 423 563 
14 4 283 768 423 372 
14 4 361 461 70 352 
14 4 425 424 191 490 
14 4 354 150 714 671 
14 4 467 354 84 514 
14 4 416 395 193 491 
14 4 416 690 259 395 
14 4 136 725 664 352 
14 4 209 422 420 506 
14 4 461 518 70 352 
14 4 510 193 395 491 
14 4 690 711 259 395 
14 4 77 469 502 353 
14 4 302 144 696 353 
14 4 353 502 77 351 
14 4 372 284 768 377 
14 4 218 377 372 563 
14 4 696 144 718 353 
14 4 650 745 320 105 
14 4 650 320 338 105 
14 4 470 217 423 563 
14 4 283 768 674 423 
14 4 347 57 487 523 
14 4 123 347 687 343 
14 4 687 724 123 343 
14 4 530 320 38 480 
14 4 203 431 430 473 
14 4 473 430 203 516 
14 4 782 704 773 917 
14 4 499 579 568 917 
14 4 578 569 498 916 
14 4 774 781 703 916 
14 4 539 28 336 455 
14 4 738 336 94 659 
14 4 311 310 118 728 
14 4 52 311 529 310 
14 4 216 423 374 501 
14 4 374 282 706 423 
14 4 310 118 728 647 
14 4 443 52 529 310 
14 4 282 674 706 423 
14 4 423 216 470 501 
14 4 122 347 331 723 
14 4 522 331 56 347 
14 4 487 522 56 347 
14 4 723 122 347 687 
14 4 152 308 303 708 
14 4 308 86 303 507 
14 4 546 159 405 406 
14 4 405 406 225 747 
14 4 708 303 152 660 
14 4 456 303 86 507 
14 4 747 406 225 702 
14 4 159 546 496 406 
14 4 377 218 488 563 
14 4 284 688 768 377 
14 4 171 536 446 389 
14 4 446 171 389 408 
14 4 350 73 465 346 
14 4 465 513 72 350 
14 4 439 311 53 312 
14 4 119 312 311 644 
14 4 215 374 376 441 
14 4 376 281 646 374 
14 4 441 215 374 501 
14 4 706 646 281 374 
14 4 311 119 644 728 
14 4 529 311 53 439 
14 4 331 313 121 721 
14 4 520 55 331 313 
14 4 520 331 55 522 
14 4 723 331 121 721 
14 4 373 394 213 508 
14 4 709 279 373 394 
14 4 508 394 213 505 
14 4 279 709 707 394 
14 4 320 338 39 533 
14 4 419 431 204 560 
14 4 533 39 320 480 
14 4 473 204 431 560 
14 4 73 562 465 346 
14 4 336 27 335 500 
14 4 336 335 93 705 
14 4 560 413 205 419 
14 4 500 336 27 455 
14 4 659 336 93 705 
14 4 503 75 364 462 
14 4 174 447 531 384 
14 4 462 75 364 363 
14 4 447 174 409 384 
14 4 26 335 500 333 
14 4 705 335 92 333 
14 4 570 82 307 304 
14 4 381 382 252 778 
14 4 381 571 186 382 
14 4 307 148 780 304 
14 4 413 560 205 492 
14 4 569 567 639 916 
14 4 772 774 843 916 
14 4 773 842 771 917 
14 4 638 568 566 917 
14 4 315 339 108 732 
14 4 651 108 339 732 
14 4 628 432 206 492 
14 4 432 413 206 492 
14 4 363 562 74 346 
14 4 562 74 462 363 
14 4 377 498 219 370 
14 4 285 703 377 370 
14 4 776 409 240 834 
14 4 628 207 433 575 
14 4 572 42 315 631 
14 4 409 384 240 834 
14 4 631 42 315 339 
14 4 433 432 207 628 
14 4 285 703 688 377 
14 4 377 498 488 219 
14 4 499 26 500 333 
14 4 92 704 705 333 
14 4 686 334 366 917 
14 4 369 493 434 916 
14 4 835 849 644 856 
14 4 630 439 849 856 
14 4 441 850 635 857 
14 4 839 850 646 857 
14 4 721 849 837 855 
14 4 520 632 849 855 
14 4 716 833 860 895 
14 4 466 860 627 895 
14 4 799 870 655 872 
14 4 678 876 791 881 
14 4 592 451 870 872 
14 4 481 873 599 875 
14 4 682 806 873 875 
14 4 600 876 474 881 
14 4 795 648 877 879 
14 4 587 877 444 879 
14 4 825 895 767 896 
14 4 517 895 623 896 
14 4 726 793 876 901 
14 4 817 856 647 910 
14 4 621 443 856 910 
14 4 788 859 764 904 
14 4 446 876 591 901 
14 4 532 851 574 915 
14 4 777 858 733 914 
14 4 504 503 859 904 
14 4 642 308 153 708 
14 4 87 308 438 507 
14 4 747 224 405 658 
14 4 158 454 546 405 
14 4 224 403 405 658 
14 4 405 158 454 403 
14 4 642 153 308 301 
14 4 308 87 438 301 
14 4 570 577 82 304 
14 4 573 571 186 381 
14 4 778 252 381 779 
14 4 307 148 775 780 
14 4 818 833 859 860 
14 4 634 859 627 860 
14 4 806 803 872 875 
14 4 799 872 803 875 
14 4 599 872 595 875 
14 4 595 872 592 875 
14 4 792 791 879 881 
14 4 792 879 795 881 
14 4 587 879 584 881 
14 4 600 584 879 881 
14 4 581 883 594 889 
14 4 589 883 581 885 
14 4 794 883 789 889 
14 4 789 883 797 885 
14 4 626 624 861 896 
14 4 830 861 812 896 
14 4 598 880 586 882 
14 4 818 859 788 860 
14 4 790 785 880 882 
14 4 589 883 885 908 
14 4 797 885 883 908 
14 4 812 896 861 907 
14 4 624 861 896 907 
14 4 594 889 883 910 
14 4 794 883 889 910 
14 4 626 896 861 911 
14 4 830 861 896 911 
14 4 586 880 583 899 
14 4 836 901 851 912 
14 4 629 903 858 913 
14 4 588 583 903 913 
14 4 899 903 583 913 
14 4 851 901 574 912 
14 4 784 903 899 913 
14 4 858 903 777 913 
14 4 785 784 880 899 
14 4 793 901 809 912 
14 4 574 901 604 912 
14 4 784 786 903 913 
14 4 836 809 901 912 
14 4 858 903 629 914 
14 4 866 867 497 894 
14 4 851 912 574 915 
14 4 786 777 903 913 
14 4 836 912 851 915 
14 4 585 908 885 909 
14 4 885 908 796 909 
14 4 777 903 858 914 
14 4 825 896 812 907 
14 4 623 624 896 907 
14 4 589 885 585 908 
14 4 797 796 885 908 
14 4 598 882 585 909 
14 4 817 794 889 910 
14 4 621 889 594 910 
14 4 796 882 790 909 
14 4 626 861 633 911 
14 4 838 861 830 911 
14 4 583 903 899 920 
14 4 591 604 901 912 
14 4 581 883 889 918 
14 4 581 885 883 918 
14 4 789 889 883 918 
14 4 883 885 789 918 
14 4 586 882 880 919 
14 4 785 880 882 919 
14 4 629 588 903 913 
14 4 583 899 880 920 
14 4 586 880 899 919 
14 4 785 899 880 919 
14 4 899 903 784 920 
14 4 880 899 784 920 
14 4 668 867 866 894 
14 4 499 334 333 917 
14 4 370 369 703 916 
14 4 832 668 866 894 
14 4 619 866 497 894 
14 4 836 851 733 915 
14 4 532 858 629 914 
14 4 504 859 634 860 
14 4 704 333 334 917 
14 4 370 498 369 916 
14 4 404 454 157 403 
14 4 301 642 154 300 
14 4 611 492 852 902 
14 4 334 25 499 333 
14 4 369 703 286 370 
14 4 500 580 853 900 
14 4 783 705 853 900 
14 4 286 703 369 916 
14 4 499 25 334 917 
14 4 601 445 855 897 
14 4 807 855 649 897 
14 4 467 617 857 898 
14 4 671 857 828 898 
14 4 614 887 558 905 
14 4 762 887 821 905 
14 4 625 510 887 906 
14 4 711 831 887 906 
14 4 460 862 605 884 
14 4 606 871 479 890 
14 4 681 871 811 890 
14 4 663 801 862 884 
14 4 602 871 463 884 
14 4 667 871 808 884 
14 4 593 482 870 874 
14 4 800 870 684 874 
14 4 680 798 868 877 
14 4 590 478 868 877 
14 4 810 874 685 878 
14 4 453 868 596 878 
14 4 804 868 657 878 
14 4 656 870 800 874 
14 4 656 874 810 878 
14 4 483 874 603 878 
14 4 452 593 870 874 
14 4 453 590 868 877 
14 4 452 603 874 878 
14 4 798 657 868 877 
14 4 596 868 483 878 
14 4 685 868 804 878 
14 4 602 489 871 884 
14 4 691 808 871 884 
14 4 491 886 609 891 
14 4 605 862 489 884 
14 4 816 886 690 891 
14 4 582 890 479 891 
14 4 681 890 787 891 
14 4 801 691 862 884 
14 4 662 787 890 891 
14 4 459 890 582 891 
14 4 609 886 459 891 
14 4 811 871 667 890 
14 4 662 886 816 891 
14 4 463 871 606 890 
14 4 814 689 893 894 
14 4 664 814 893 894 
14 4 461 893 622 894 
14 4 515 622 893 894 
14 4 608 869 472 897 
14 4 676 869 815 897 
14 4 660 822 888 898 
14 4 613 456 888 898 
14 4 470 613 888 898 
14 4 822 674 888 898 
14 4 608 487 869 897 
14 4 815 869 687 897 
14 4 496 597 873 900 
14 4 702 873 805 900 
14 4 597 539 873 900 
14 4 738 805 873 900 
14 4 824 677 852 892 
14 4 826 677 892 893 
14 4 826 892 664 893 
14 4 461 892 610 893 
14 4 669 824 852 892 
14 4 610 892 473 893 
14 4 470 857 617 898 
14 4 828 857 674 898 
14 4 487 601 855 897 
14 4 807 687 855 897 
14 4 456 854 618 888 
14 4 829 854 660 888 
14 4 496 853 580 900 
14 4 783 853 702 900 
14 4 829 688 854 888 
14 4 618 854 488 888 
14 4 694 819 852 902 
14 4 819 669 852 902 
14 4 290 368 637 366 
14 4 840 436 297 434 
14 4 616 852 473 892 
14 4 286 369 697 916 
14 4 485 334 25 917 
14 4 614 524 887 905 
14 4 821 887 719 905 
14 4 625 887 524 906 
14 4 719 887 831 906 
14 4 157 566 454 404 
14 4 642 772 154 300 
14 4 465 852 616 892 
14 4 404 403 223 658 
14 4 301 88 438 300 
14 4 305 83 307 570 
14 4 149 305 307 775 
14 4 780 147 325 304 
14 4 577 325 81 304 
14 4 382 401 253 778 
14 4 571 187 382 401 
14 4 380 573 185 381 
14 4 380 381 251 779 
14 4 611 852 465 902 
14 4 468 325 81 577 
14 4 187 571 445 401 
14 4 305 149 671 775 
14 4 672 147 325 780 
14 4 649 253 401 778 
14 4 83 305 467 570 
14 4 185 476 573 380 
14 4 679 380 251 779 
14 4 334 704 91 333 
14 4 369 370 220 498 
14 4 286 697 703 916 
14 4 499 485 25 917 
14 4 428 862 544 864 
14 4 428 729 862 864 
14 4 369 498 493 916 
14 4 704 334 686 917 
14 4 686 704 91 334 
14 4 493 369 220 498 
14 4 771 404 223 658 
14 4 567 438 88 300 
14 4 832 866 689 894 
14 4 619 515 866 894 
14 4 418 865 464 866 
14 4 418 748 865 866 
14 4 697 287 840 369 
14 4 485 637 24 334 
14 4 434 840 287 369 
14 4 366 24 637 334 
14 4 365 155 844 300 
14 4 435 641 156 404 
14 4 639 567 494 847 
14 4 843 698 772 847 
14 4 566 495 638 848 
14 4 771 842 699 848 
14 4 772 844 155 300 
14 4 566 156 641 404 
14 4 620 863 559 867 
14 4 620 846 863 867 
14 4 493 639 565 847 
14 4 697 770 843 847 
14 4 638 564 485 848 
14 4 842 686 769 848 
14 4 620 559 615 867 
14 4 620 615 846 867 
14 4 754 863 827 867 
14 4 827 863 846 867 
14 4 302 306 79 907 
14 4 306 302 145 907 
14 4 341 324 49 908 
14 4 115 324 341 908 
14 4 411 392 180 909 
14 4 411 246 392 909 
14 4 318 310 51 910 
14 4 117 310 318 910 
14 4 212 394 375 911 
14 4 278 375 394 911 
14 4 317 309 110 913 
14 4 823 754 827 867 
14 4 120 313 312 849 
14 4 54 312 313 849 
14 4 373 376 280 850 
14 4 214 376 373 850 
14 4 44 309 317 913 
14 4 274 433 420 860 
14 4 420 433 208 860 
14 4 146 325 306 861 
14 4 325 80 306 861 
14 4 332 326 30 872 
14 4 96 326 332 872 
14 4 228 402 396 875 
14 4 396 402 162 875 
14 4 316 103 314 879 
14 4 235 385 383 881 
14 4 383 385 169 881 
14 4 37 316 314 879 
14 4 249 387 379 889 
14 4 379 387 183 889 
14 4 375 277 371 896 
14 4 375 371 211 896 
14 4 324 318 50 883 
14 4 116 318 324 883 
14 4 411 393 247 885 
14 4 411 181 393 885 
14 4 47 340 323 882 
14 4 323 340 113 882 
14 4 391 410 244 880 
14 4 178 410 391 880 
14 4 827 846 823 867 
14 4 322 45 317 899 
14 4 111 322 317 899 
14 4 351 364 142 859 
14 4 40 338 321 912 
14 4 378 386 242 903 
14 4 364 351 76 859 
14 4 390 408 172 901 
14 4 238 408 390 901 
14 4 176 386 378 903 
14 4 321 338 106 912 
14 4 409 390 173 851 
14 4 109 309 315 858 
14 4 239 390 409 851 
14 4 315 309 43 858 
14 4 545 865 846 866 
14 4 846 865 693 866 
14 4 545 464 865 866 
14 4 693 865 748 866 
14 4 360 345 68 867 
14 4 545 846 615 866 
14 4 823 846 693 866 
14 4 306 511 79 907 
14 4 306 145 717 907 
14 4 324 450 49 908 
14 4 324 115 730 908 
14 4 411 180 475 909 
14 4 411 727 246 909 
14 4 557 318 51 910 
14 4 318 759 117 910 
14 4 375 440 212 911 
14 4 278 645 375 911 
14 4 846 862 693 864 
14 4 545 862 846 864 
14 4 378 384 175 914 
14 4 302 79 512 907 
14 4 302 696 145 907 
14 4 341 49 528 908 
14 4 115 341 675 908 
14 4 180 392 555 909 
14 4 653 392 246 909 
14 4 443 51 310 910 
14 4 117 647 310 910 
14 4 278 394 707 911 
14 4 212 505 394 911 
14 4 107 339 321 915 
14 4 545 615 464 866 
14 4 693 748 823 866 
14 4 534 44 317 913 
14 4 716 274 420 860 
14 4 274 695 433 860 
14 4 466 420 208 860 
14 4 511 306 80 861 
14 4 325 468 80 861 
14 4 717 146 306 861 
14 4 146 672 325 861 
14 4 451 30 326 872 
14 4 96 655 326 872 
14 4 96 332 735 872 
14 4 537 332 30 872 
14 4 249 760 387 889 
14 4 316 648 103 879 
14 4 228 682 402 875 
14 4 162 402 481 875 
14 4 737 314 103 879 
14 4 739 228 396 875 
14 4 540 396 162 875 
14 4 385 235 741 881 
14 4 169 385 542 881 
14 4 383 169 474 881 
14 4 235 383 678 881 
14 4 37 444 316 879 
14 4 37 314 530 879 
14 4 249 379 713 889 
14 4 183 387 477 889 
14 4 183 527 379 889 
14 4 767 371 277 896 
14 4 645 277 375 896 
14 4 211 440 375 896 
14 4 371 517 211 896 
14 4 116 759 318 883 
14 4 324 730 116 883 
14 4 50 450 324 883 
14 4 318 557 50 883 
14 4 393 654 247 885 
14 4 727 411 247 885 
14 4 411 475 181 885 
14 4 525 393 181 885 
14 4 47 323 449 882 
14 4 761 323 113 882 
14 4 47 549 340 882 
14 4 340 749 113 882 
14 4 526 178 391 880 
14 4 410 757 244 880 
14 4 178 486 410 880 
14 4 312 644 120 849 
14 4 54 439 312 849 
14 4 646 280 376 850 
14 4 214 441 376 850 
14 4 351 142 670 859 
14 4 701 391 244 880 
14 4 120 721 313 849 
14 4 54 313 520 849 
14 4 322 448 45 899 
14 4 534 317 45 899 
14 4 373 280 709 850 
14 4 214 373 508 850 
14 4 111 652 322 899 
14 4 764 142 364 859 
14 4 442 309 44 913 
14 4 317 110 753 913 
14 4 76 351 502 859 
14 4 433 575 208 860 
14 4 574 532 447 851 
14 4 693 862 729 864 
14 4 544 862 545 864 
14 4 700 110 309 913 
14 4 238 726 408 901 
14 4 238 390 683 901 
14 4 241 384 378 914 
14 4 176 471 386 903 
14 4 503 364 76 859 
14 4 106 338 650 912 
14 4 321 339 41 915 
14 4 550 176 378 903 
14 4 321 106 746 912 
14 4 390 239 683 851 
14 4 43 309 442 858 
14 4 777 732 733 858 
14 4 40 533 338 912 
14 4 386 742 242 903 
14 4 111 317 753 899 
14 4 173 447 409 851 
14 4 345 360 134 867 
14 4 40 321 484 912 
14 4 611 492 560 852 
14 4 378 242 643 903 
14 4 68 559 360 867 
14 4 172 408 446 901 
14 4 391 386 177 920 
14 4 315 732 109 858 
14 4 243 386 391 920 
14 4 547 390 172 901 
14 4 693 846 827 862 
14 4 545 620 846 862 
14 4 239 409 776 851 
14 4 315 43 572 858 
14 4 248 393 387 918 
14 4 387 393 182 918 
14 4 322 340 46 919 
14 4 112 340 322 919 
14 4 109 700 309 858 
14 4 670 818 833 859 
14 4 721 837 723 855 
14 4 520 522 632 855 
14 4 173 390 547 851 
14 4 839 646 706 857 
14 4 441 635 501 857 
14 4 728 835 644 856 
14 4 630 529 439 856 
14 4 500 455 580 900 
14 4 783 659 705 900 
14 4 824 677 765 852 
14 4 819 765 694 852 
14 4 634 502 627 859 
14 4 477 581 889 918 
14 4 525 885 581 918 
14 4 789 760 889 918 
14 4 789 885 654 918 
14 4 586 549 882 919 
14 4 818 716 833 860 
14 4 626 468 633 861 
14 4 830 838 672 861 
14 4 634 627 466 860 
14 4 535 460 605 884 
14 4 740 685 810 874 
14 4 603 483 541 874 
14 4 551 496 597 873 
14 4 750 805 702 873 
14 4 656 810 744 878 
14 4 800 656 752 870 
14 4 593 552 452 870 
14 4 452 543 603 878 
14 4 592 595 451 872 
14 4 537 595 599 872 
14 4 799 655 803 872 
14 4 451 552 592 870 
14 4 803 735 806 872 
14 4 743 791 678 876 
14 4 752 655 799 870 
14 4 739 799 803 875 
14 4 806 682 803 875 
14 4 481 599 595 875 
14 4 595 592 540 875 
14 4 741 792 795 881 
14 4 593 541 482 874 
14 4 600 474 584 881 
14 4 542 587 584 881 
14 4 590 478 553 868 
14 4 800 684 740 874 
14 4 600 536 474 876 
14 4 795 648 736 877 
14 4 791 737 792 879 
14 4 680 798 755 868 
14 4 551 599 481 873 
14 4 744 804 657 878 
14 4 543 453 596 878 
14 4 795 792 648 879 
14 4 596 553 483 868 
14 4 682 806 750 873 
14 4 685 755 804 868 
14 4 792 678 791 881 
14 4 453 538 590 877 
14 4 798 736 657 877 
14 4 530 600 584 879 
14 4 538 444 587 877 
14 4 661 724 820 869 
14 4 584 587 444 879 
14 4 612 523 458 869 
14 4 726 793 743 876 
14 4 602 463 535 884 
14 4 681 756 811 871 
14 4 734 667 808 884 
14 4 479 606 554 871 
14 4 663 734 801 884 
14 4 826 731 677 893 
14 4 558 614 490 887 
14 4 762 692 821 887 
14 4 581 594 477 889 
14 4 827 729 693 862 
14 4 832 725 668 894 
14 4 662 787 720 890 
14 4 519 582 459 890 
14 4 808 756 691 871 
14 4 554 602 489 871 
14 4 544 489 605 862 
14 4 619 497 518 894 
14 4 816 690 751 891 
14 4 664 725 814 894 
14 4 814 689 731 893 
14 4 548 491 609 891 
14 4 662 763 816 886 
14 4 561 459 609 886 
14 4 518 461 622 894 
14 4 516 515 622 893 
14 4 801 691 729 862 
14 4 751 681 787 891 
14 4 548 582 479 891 
14 4 490 625 510 887 
14 4 692 711 831 887 
14 4 544 620 545 862 
14 4 811 667 720 890 
14 4 519 463 606 890 
14 4 763 666 813 886 
14 4 607 457 561 886 
14 4 673 767 825 895 
14 4 716 673 833 895 
14 4 825 767 812 896 
14 4 517 506 623 895 
14 4 624 517 623 896 
14 4 676 815 758 897 
14 4 556 608 472 897 
14 4 613 514 456 898 
14 4 660 714 822 898 
14 4 713 817 794 889 
14 4 594 621 527 889 
14 4 758 807 649 897 
14 4 601 556 445 897 
14 4 714 671 828 898 
14 4 467 514 617 898 
14 4 450 581 589 883 
14 4 594 581 557 883 
14 4 585 589 475 885 
14 4 525 589 581 885 
14 4 794 789 760 889 
14 4 759 789 794 883 
14 4 797 789 730 883 
14 4 654 789 797 885 
14 4 506 466 627 895 
14 4 796 727 797 885 
14 4 549 598 586 882 
14 4 585 598 449 882 
14 4 717 812 830 861 
14 4 511 626 624 861 
14 4 626 440 624 896 
14 4 830 812 645 896 
14 4 822 674 768 888 
14 4 563 470 613 888 
14 4 608 487 523 869 
14 4 815 724 687 869 
14 4 661 869 820 905 
14 4 612 869 458 905 
14 4 607 457 886 906 
14 4 813 886 666 906 
14 4 450 883 589 908 
14 4 797 883 730 908 
14 4 585 885 475 909 
14 4 727 885 796 909 
14 4 717 812 861 907 
14 4 511 861 624 907 
14 4 759 883 794 910 
14 4 557 594 883 910 
14 4 583 586 526 880 
14 4 486 586 598 880 
14 4 785 882 749 919 
14 4 818 788 695 860 
14 4 796 761 790 882 
14 4 440 896 626 911 
14 4 645 830 896 911 
14 4 790 749 785 882 
14 4 757 790 785 880 
14 4 471 588 583 903 
14 4 788 818 764 859 
14 4 516 610 473 893 
14 4 583 880 526 920 
14 4 669 712 824 892 
14 4 826 712 664 892 
14 4 610 461 513 892 
14 4 448 586 899 919 
14 4 586 583 448 899 
14 4 583 471 903 920 
14 4 597 455 539 900 
14 4 738 659 805 900 
14 4 793 809 650 912 
14 4 785 652 899 919 
14 4 175 550 378 914 
14 4 588 534 583 913 
14 4 521 630 439 849 
14 4 644 835 722 849 
14 4 635 441 509 850 
14 4 646 839 710 850 
14 4 534 899 583 913 
14 4 802 665 766 902 
14 4 819 766 669 902 
14 4 321 746 107 915 
14 4 785 784 701 880 
14 4 521 520 632 849 
14 4 722 837 721 849 
14 4 710 838 709 850 
14 4 633 509 508 850 
14 4 683 836 809 901 
14 4 726 809 793 901 
14 4 701 880 784 920 
14 4 580 496 546 853 
14 4 702 783 747 853 
14 4 708 660 829 854 
14 4 618 456 507 854 
14 4 728 647 817 856 
14 4 621 443 529 856 
14 4 501 617 470 857 
14 4 828 706 674 857 
14 4 522 487 601 855 
14 4 723 807 687 855 
14 4 785 652 784 899 
14 4 802 665 902 904 
14 4 683 851 836 901 
14 4 784 899 753 913 
14 4 629 588 550 903 
14 4 836 746 809 912 
14 4 175 384 531 914 
14 4 784 903 742 920 
14 4 829 768 688 888 
14 4 563 618 488 888 
14 4 345 497 68 867 
14 4 784 753 786 913 
14 4 629 903 550 914 
14 4 591 533 604 912 
14 4 134 360 754 867 
14 4 107 651 339 915 
14 4 742 784 786 903 
14 4 746 912 836 915 
14 4 591 446 536 876 
14 4 513 465 616 892 
14 4 614 458 524 905 
14 4 821 719 661 905 
14 4 719 831 666 906 
14 4 457 625 524 906 
14 4 825 812 696 907 
14 4 623 512 624 907 
14 4 589 585 528 908 
14 4 598 585 555 909 
14 4 797 675 796 908 
14 4 817 647 794 910 
14 4 621 594 443 910 
14 4 653 796 790 909 
14 4 626 633 505 911 
14 4 707 838 830 911 
14 4 834 777 733 914 
14 4 532 574 631 915 
14 4 588 629 442 913 
14 4 788 764 665 904 
14 4 532 629 531 914 
14 4 629 858 442 913 
14 4 473 616 560 852 
14 4 651 836 733 915 
14 4 446 591 604 901 
14 4 504 462 503 904 
14 4 177 526 391 920 
14 4 177 386 471 920 
14 4 576 562 462 904 
14 4 391 701 243 920 
14 4 241 378 643 914 
14 4 384 241 834 914 
14 4 786 777 643 903 
14 4 643 903 777 914 
14 4 484 574 604 912 
14 4 574 912 484 915 
14 4 576 902 562 904 
14 4 321 41 484 915 
14 4 611 465 562 902 
14 4 760 248 387 918 
14 4 248 654 393 918 
14 4 182 393 525 918 
14 4 477 387 182 918 
14 4 631 41 339 915 
14 4 322 46 448 919 
14 4 46 340 549 919 
14 4 112 749 340 919 
14 4 112 322 652 919 
14 4 243 742 386 920 
14 4 504 503 634 859 
14 4 345 134 668 867 
14 4 697 847 843 916 
14 4 639 847 493 916 
14 4 638 848 485 917 
14 4 686 848 842 917 
14 4 579 546 454 853 
14 4 747 782 658 853 
14 4 578 507 438 854 
14 4 642 708 781 854 
14 4 512 79 511 907 
14 4 717 145 696 907 
14 4 528 49 450 908 
14 4 115 675 730 908 
14 4 180 555 475 909 
14 4 653 246 727 909 
14 4 557 51 443 910 
14 4 117 759 647 910 
14 4 505 212 440 911 
14 4 278 707 645 911 
14 4 504 634 575 860 
14 4 466 208 575 860 
14 4 120 644 721 849 
14 4 54 520 439 849 
14 4 508 441 214 850 
14 4 646 709 280 850 
14 4 274 716 695 860 
14 4 511 80 468 861 
14 4 717 672 146 861 
14 4 537 30 451 872 
14 4 96 735 655 872 
14 4 737 103 648 879 
14 4 739 682 228 875 
14 4 481 540 162 875 
14 4 235 678 741 881 
14 4 169 542 474 881 
14 4 37 530 444 879 
14 4 249 713 760 889 
14 4 183 477 527 889 
14 4 645 767 277 896 
14 4 517 440 211 896 
14 4 759 116 730 883 
14 4 557 450 50 883 
14 4 727 247 654 885 
14 4 525 181 475 885 
14 4 761 113 749 882 
14 4 47 449 549 882 
14 4 178 526 486 880 
14 4 764 670 142 859 
14 4 701 244 757 880 
14 4 534 45 448 899 
14 4 534 442 44 913 
14 4 76 502 503 859 
14 4 683 726 238 901 
14 4 176 550 471 903 
14 4 106 650 746 912 
14 4 700 753 110 913 
14 4 733 836 776 851 
14 4 629 532 572 858 
14 4 753 652 111 899 
14 4 572 43 442 858 
14 4 239 776 683 851 
14 4 40 484 533 912 
14 4 643 242 742 903 
14 4 497 559 68 867 
14 4 173 547 447 851 
14 4 109 732 700 858 
14 4 446 547 172 901 
14 4 368 24 637 366 
14 4 436 840 287 434 
14 4 306 861 511 907 
14 4 306 717 861 907 
14 4 324 883 450 908 
14 4 324 730 883 908 
14 4 475 885 411 909 
14 4 411 885 727 909 
14 4 557 883 318 910 
14 4 759 318 883 910 
14 4 645 896 375 911 
14 4 375 896 440 911 
14 4 175 531 550 914 
14 4 615 497 866 867 
14 4 651 107 746 915 
14 4 437 641 156 435 
14 4 367 155 844 365 
14 4 668 823 866 867 
14 4 317 899 534 913 
14 4 668 823 832 866 
14 4 615 497 619 866 
14 4 683 390 851 901 
14 4 442 858 309 913 
14 4 753 899 317 913 
14 4 309 858 700 913 
14 4 550 903 378 914 
14 4 177 471 526 920 
14 4 321 912 746 915 
14 4 547 851 390 901 
14 4 832 748 689 866 
14 4 464 619 515 866 
14 4 760 654 248 918 
14 4 525 477 182 918 
14 4 526 880 391 920 
14 4 46 549 448 919 
14 4 701 391 880 920 
14 4 652 749 112 919 
14 4 387 889 760 918 
14 4 387 477 889 918 
14 4 393 654 885 918 
14 4 393 885 525 918 
14 4 340 882 549 919 
14 4 340 749 882 919 
14 4 241 643 834 914 
14 4 448 899 322 919 
14 4 386 903 471 920 
14 4 742 243 701 920 
14 4 631 484 41 915 
14 4 652 322 899 919 
14 4 134 754 668 867 
14 4 643 378 903 914 
14 4 484 912 321 915 
14 4 663 862 827 863 
14 4 620 862 460 863 
14 4 386 742 903 920 
14 4 504 628 576 904 
14 4 576 492 611 902 
14 4 11 291 845 699 
14 4 296 494 21 640 
14 4 580 579 500 853 
14 4 783 705 782 853 
14 4 841 686 90 366 
14 4 221 636 434 493 
14 4 802 715 788 904 
14 4 445 632 601 855 
14 4 649 807 837 855 
14 4 476 621 630 856 
14 4 817 679 835 856 
14 4 671 839 828 857 
14 4 635 467 617 857 
14 4 612 614 558 905 
14 4 762 821 820 905 
14 4 711 813 831 906 
14 4 625 607 510 906 
14 4 824 819 669 852 
14 4 620 605 460 862 
14 4 811 808 667 871 
14 4 681 811 787 890 
14 4 827 663 801 862 
14 4 606 463 602 871 
14 4 605 489 602 884 
14 4 680 795 798 877 
14 4 590 587 478 877 
14 4 582 606 479 890 
14 4 800 799 684 870 
14 4 592 593 482 870 
14 4 820 815 676 869 
14 4 793 745 791 876 
14 4 453 590 596 868 
14 4 798 657 804 868 
14 4 472 608 612 869 
14 4 452 603 593 874 
14 4 596 483 603 878 
14 4 810 656 800 874 
14 4 810 685 804 878 
14 4 539 599 597 873 
14 4 806 738 805 873 
14 4 801 808 691 884 
14 4 607 609 491 886 
14 4 816 813 690 886 
14 4 822 829 660 888 
14 4 613 456 618 888 
14 4 814 832 689 894 
14 4 614 524 625 887 
14 4 821 831 719 887 
14 4 662 816 787 891 
14 4 609 459 582 891 
14 4 814 826 664 893 
14 4 622 461 610 893 
14 4 619 622 515 894 
14 4 833 825 718 895 
14 4 627 469 623 895 
14 4 822 828 674 898 
14 4 613 470 617 898 
14 4 487 608 601 897 
14 4 807 815 687 897 
14 4 688 781 829 854 
14 4 488 618 578 854 
14 4 783 702 805 900 
14 4 496 580 597 900 
14 4 824 826 677 892 
14 4 694 802 819 902 
14 4 591 600 480 876 
14 4 616 473 610 892 
14 4 360 559 863 867 
14 4 222 845 435 771 
14 4 365 89 567 640 
14 4 360 863 754 867 
14 4 67 460 359 863 
14 4 663 133 359 863 
14 4 616 465 611 852 
14 4 291 11 289 699 
14 4 494 21 295 296 
14 4 290 637 13 564 
14 4 19 770 840 297 
14 4 293 15 641 289 
14 4 299 17 295 844 
14 4 67 360 559 863 
14 4 754 360 133 863 
14 4 10 289 699 848 
14 4 22 494 295 847 
14 4 298 23 294 636 
14 4 9 841 292 288 
14 4 67 359 360 863 
14 4 133 360 359 863 
14 4 13 290 564 288 
14 4 297 19 770 294 
14 4 366 686 90 334 
14 4 221 434 369 493 
14 4 14 288 564 848 
14 4 770 294 18 847 
14 4 844 17 295 698 
14 4 15 495 641 289 
14 4 769 10 699 848 
14 4 14 564 495 848 
14 4 22 565 494 847 
14 4 698 770 18 847 
14 4 222 435 404 771 
14 4 365 567 89 300 
14 4 636 23 294 565 
14 4 841 9 769 288 
14 4 67 559 460 863 
14 4 663 754 133 863 
14 4 545 864 846 865 
14 4 846 864 693 865 
14 4 846 862 620 863 
14 4 827 862 846 863 
14 4 14 495 289 848 
14 4 698 18 295 847 
14 4 31 32 552 327 
14 4 98 97 752 327 
14 4 167 478 168 388 
14 4 113 114 323 761 
14 4 553 167 166 400 
14 4 43 44 442 309 
14 4 234 233 388 680 
14 4 227 226 407 750 
14 4 159 496 160 406 
14 4 233 232 400 755 
14 4 226 225 406 702 
14 4 648 103 102 316 
14 4 551 161 160 407 
14 4 330 35 34 453 
14 4 332 95 96 735 
14 4 45 46 448 322 
14 4 51 50 318 557 
14 4 116 117 318 759 
14 4 332 30 29 537 
14 4 29 28 337 539 
14 4 161 481 162 402 
14 4 100 101 330 657 
14 4 337 94 95 738 
14 4 228 227 402 682 
14 4 97 96 655 326 
14 4 451 30 31 326 
14 4 319 36 35 538 
14 4 115 116 324 730 
14 4 319 101 102 736 
14 4 656 99 98 328 
14 4 767 276 277 371 
14 4 542 169 168 385 
14 4 452 32 33 328 
14 4 737 104 103 314 
14 4 392 246 245 653 
14 4 540 163 162 396 
14 4 179 178 486 410 
14 4 229 228 396 739 
14 4 543 33 34 329 
14 4 165 483 166 399 
14 4 238 237 408 726 
14 4 555 180 179 392 
14 4 475 181 180 411 
14 4 744 100 99 329 
14 4 232 231 399 685 
14 4 230 229 397 684 
14 4 541 165 164 398 
14 4 482 164 163 397 
14 4 387 249 248 760 
14 4 530 37 38 314 
14 4 235 234 385 741 
14 4 231 230 398 740 
14 4 393 248 247 654 
14 4 86 85 303 456 
14 4 176 471 177 386 
14 4 170 536 171 389 
14 4 745 104 320 105 
14 4 48 47 323 449 
14 4 237 236 389 743 
14 4 114 115 341 675 
14 4 36 37 444 316 
14 4 261 262 681 427 
14 4 177 526 178 391 
14 4 50 49 324 450 
14 4 239 238 390 683 
14 4 169 474 170 383 
14 4 236 235 383 678 
14 4 49 48 341 528 
14 4 667 131 130 344 
14 4 65 64 344 463 
14 4 427 195 196 479 
14 4 141 140 665 363 
14 4 412 197 198 489 
14 4 132 663 133 359 
14 4 65 66 535 349 
14 4 131 734 132 349 
14 4 188 187 445 401 
14 4 254 253 401 649 
14 4 765 270 271 419 
14 4 45 44 317 534 
14 4 247 246 411 727 
14 4 549 46 47 340 
14 4 264 265 729 428 
14 4 410 245 244 757 
14 4 68 67 360 559 
14 4 364 141 142 764 
14 4 669 139 138 350 
14 4 63 62 357 459 
14 4 185 184 476 380 
14 4 359 67 66 460 
14 4 112 113 340 749 
14 4 754 134 133 360 
14 4 182 181 525 393 
14 4 61 60 342 457 
14 4 272 694 271 413 
14 4 662 129 128 357 
14 4 151 152 303 660 
14 4 270 677 269 431 
14 4 183 527 184 379 
14 4 691 263 264 412 
14 4 59 60 524 356 
14 4 325 81 80 468 
14 4 125 719 126 356 
14 4 666 127 126 342 
14 4 138 137 712 362 
14 4 255 256 676 415 
14 4 415 189 190 472 
14 4 380 251 250 679 
14 4 379 250 249 713 
14 4 57 58 523 343 
14 4 124 123 724 343 
14 4 731 268 269 430 
14 4 306 80 79 511 
14 4 302 79 78 512 
14 4 362 72 71 513 
14 4 424 190 191 558 
14 4 414 254 758 255 
14 4 189 414 188 556 
14 4 766 140 139 346 
14 4 256 257 762 424 
14 4 272 273 715 432 
14 4 183 182 477 387 
14 4 199 200 429 545 
14 4 201 202 421 515 
14 4 135 134 668 345 
14 4 748 266 267 418 
14 4 196 197 417 554 
14 4 756 262 263 417 
14 4 725 136 135 352 
14 4 69 68 345 497 
14 4 426 194 195 548 
14 4 645 277 278 375 
14 4 260 261 751 426 
14 4 428 198 199 544 
14 4 416 193 194 491 
14 4 69 70 518 352 
14 4 693 265 266 429 
14 4 259 260 690 416 
14 4 202 203 430 516 
14 4 258 259 711 395 
14 4 768 283 284 372 
14 4 325 146 147 672 
14 4 689 267 268 421 
14 4 395 192 193 510 
14 4 257 258 692 425 
14 4 59 58 355 458 
14 4 425 191 192 490 
14 4 305 84 83 467 
14 4 217 218 372 563 
14 4 136 664 137 361 
14 4 661 125 124 355 
14 4 208 209 420 466 
14 4 130 129 720 358 
14 4 64 63 358 519 
14 4 149 150 305 671 
14 4 200 201 418 464 
14 4 143 142 670 351 
14 4 210 211 371 517 
14 4 211 212 375 440 
14 4 70 71 461 361 
14 4 302 144 145 696 
14 4 673 275 276 422 
14 4 145 146 306 717 
14 4 209 210 422 506 
14 4 62 61 348 561 
14 4 144 143 718 353 
14 4 128 127 763 348 
14 4 77 78 469 353 
14 4 76 77 502 351 
14 4 274 275 716 420 
14 4 695 273 274 433 
14 4 150 151 354 714 
14 4 85 84 354 514 
14 4 423 216 217 470 
14 4 105 338 650 106 
14 4 283 674 282 423 
14 4 51 52 443 310 
14 4 117 118 310 647 
14 4 487 56 57 347 
14 4 687 122 347 123 
14 4 212 213 394 505 
14 4 707 278 279 394 
14 4 293 437 12 291 
14 4 299 16 367 296 
14 4 39 38 320 480 
14 4 244 243 391 701 
14 4 203 204 431 473 
14 4 111 112 322 652 
14 4 336 93 94 659 
14 4 28 27 336 455 
14 4 688 284 285 377 
14 4 218 219 377 488 
14 4 447 174 173 409 
14 4 462 74 75 363 
14 4 72 73 465 350 
14 4 171 446 172 408 
14 4 706 281 282 374 
14 4 215 216 374 501 
14 4 118 119 311 728 
14 4 53 52 311 529 
14 4 107 321 106 746 
14 4 550 176 175 378 
14 4 121 122 331 723 
14 4 56 55 331 522 
14 4 546 159 158 405 
14 4 225 224 405 747 
14 4 152 153 308 708 
14 4 308 87 86 507 
14 4 315 108 109 732 
14 4 53 54 439 312 
14 4 119 120 312 644 
14 4 339 107 108 651 
14 4 214 215 376 441 
14 4 646 280 281 376 
14 4 364 76 75 503 
14 4 174 531 175 384 
14 4 54 55 520 313 
14 4 120 121 313 721 
14 4 709 279 280 373 
14 4 213 214 373 508 
14 4 204 205 419 560 
14 4 243 242 386 742 
14 4 338 40 39 533 
14 4 110 111 317 753 
14 4 335 27 26 500 
14 4 335 92 93 705 
14 4 769 288 10 848 
14 4 22 294 565 847 
14 4 109 110 309 700 
14 4 73 74 562 346 
14 4 173 172 547 390 
14 4 242 241 378 643 
14 4 205 206 413 492 
14 4 41 40 321 484 
14 4 24 25 485 334 
14 4 286 287 697 369 
14 4 240 239 409 776 
14 4 315 43 42 572 
14 4 207 208 433 575 
14 4 846 615 866 867 
14 4 241 240 384 834 
14 4 41 42 631 339 
14 4 206 207 432 628 
14 4 10 288 289 848 
14 4 294 22 295 847 
14 4 429 545 200 865 
14 4 693 429 266 865 
14 4 289 288 14 848 
14 4 18 294 295 847 
14 4 823 846 866 867 
14 4 155 154 772 300 
14 4 157 156 566 404 
14 4 545 429 199 864 
14 4 265 429 693 864 
14 4 729 428 265 864 
14 4 428 544 199 864 
14 4 693 864 429 865 
14 4 429 864 545 865 
14 4 418 748 266 865 
14 4 200 464 418 865 
14 4 697 774 703 916 
14 4 498 569 493 916 
14 4 773 704 686 917 
14 4 485 499 568 917 
14 4 25 26 499 333 
14 4 92 91 704 333 
14 4 285 286 703 370 
14 4 219 220 370 498 
14 4 748 693 266 865 
14 4 545 464 200 865 
14 4 265 693 729 864 
14 4 545 199 544 864 
14 4 91 90 686 334 
14 4 221 369 220 493 
14 4 222 404 223 771 
14 4 88 89 567 300 
14 4 403 224 223 658 
14 4 158 157 454 403 
14 4 642 154 153 301 
14 4 438 87 88 301 
14 4 289 11 10 699 
14 4 295 22 21 494 
14 4 639 494 565 847 
14 4 698 843 770 847 
14 4 564 638 495 848 
14 4 842 769 699 848 
14 4 307 83 82 570 
14 4 307 148 149 775 
14 4 252 251 381 779 
14 4 382 253 252 778 
14 4 187 186 571 382 
14 4 573 186 185 381 
14 4 148 147 780 304 
14 4 577 81 82 304 
14 4 754 663 827 863 
14 4 620 460 559 863 
14 4 615 559 497 867 
14 4 521 439 520 849 
14 4 721 644 722 849 
14 4 709 646 710 850 
14 4 508 509 441 850 
14 4 575 634 466 860 
14 4 629 572 442 858 
14 4 786 753 700 913 
14 4 776 836 683 851 
14 4 629 550 531 914 
14 4 746 836 651 915 
14 4 576 462 504 904 
14 4 700 732 777 858 
14 4 742 786 643 903 
14 4 611 562 576 902 
14 4 620 615 545 846 
14 4 484 604 533 912 
14 4 823 827 693 846 
14 4 547 574 447 851 
14 4 564 14 13 288 
14 4 19 18 770 294 
14 4 747 783 782 853 
14 4 579 580 546 853 
14 4 708 829 781 854 
14 4 618 507 578 854 
14 4 723 837 807 855 
14 4 522 601 632 855 
14 4 635 617 501 857 
14 4 706 828 839 857 
14 4 817 835 728 856 
14 4 621 529 630 856 
14 4 547 446 604 901 
14 4 824 765 819 852 
14 4 748 832 823 866 
14 4 464 615 619 866 
14 4 502 634 503 859 
14 4 818 670 764 859 
14 4 477 525 581 918 
14 4 760 789 654 918 
14 4 586 448 549 919 
14 4 802 788 665 904 
14 4 583 526 471 920 
14 4 512 511 624 907 
14 4 717 696 812 907 
14 4 612 458 614 905 
14 4 661 820 821 905 
14 4 813 666 831 906 
14 4 607 625 457 906 
14 4 528 450 589 908 
14 4 797 730 675 908 
14 4 585 475 555 909 
14 4 727 796 653 909 
14 4 557 443 594 910 
14 4 647 759 794 910 
14 4 818 695 716 860 
14 4 511 468 626 861 
14 4 830 672 717 861 
14 4 623 506 627 895 
14 4 605 620 544 862 
14 4 816 763 813 886 
14 4 606 602 554 871 
14 4 808 811 756 871 
14 4 609 607 561 886 
14 4 590 553 596 868 
14 4 755 798 804 868 
14 4 800 752 799 870 
14 4 552 593 592 870 
14 4 803 655 735 872 
14 4 743 793 791 876 
14 4 806 805 750 873 
14 4 537 451 595 872 
14 4 551 597 599 873 
14 4 741 678 792 881 
14 4 739 803 682 875 
14 4 540 481 595 875 
14 4 792 737 648 879 
14 4 593 603 541 874 
14 4 800 740 810 874 
14 4 804 744 810 878 
14 4 795 736 798 877 
14 4 587 590 538 877 
14 4 612 608 523 869 
14 4 474 542 584 881 
14 4 820 724 815 869 
14 4 596 603 543 878 
14 4 584 444 530 879 
14 4 827 801 729 862 
14 4 831 821 692 887 
14 4 490 614 625 887 
14 4 787 816 751 891 
14 4 602 535 605 884 
14 4 713 794 760 889 
14 4 594 527 477 889 
14 4 548 609 582 891 
14 4 808 801 734 884 
14 4 829 822 768 888 
14 4 618 563 613 888 
14 4 811 720 787 890 
14 4 606 582 519 890 
14 4 516 622 610 893 
14 4 826 814 731 893 
14 4 832 814 725 894 
14 4 619 518 622 894 
14 4 673 825 833 895 
14 4 624 440 517 896 
14 4 767 645 812 896 
14 4 556 601 608 897 
14 4 758 815 807 897 
14 4 828 822 714 898 
14 4 617 514 613 898 
14 4 581 450 557 883 
14 4 589 525 475 885 
14 4 730 789 759 883 
14 4 654 797 727 885 
14 4 598 549 449 882 
14 4 586 486 526 880 
14 4 790 761 749 882 
14 4 505 440 626 911 
14 4 645 707 830 911 
14 4 785 749 652 919 
14 4 588 471 550 903 
14 4 826 824 712 892 
14 4 757 785 701 880 
14 4 583 534 448 899 
14 4 805 659 783 900 
14 4 455 597 580 900 
14 4 701 784 742 920 
14 4 746 650 809 912 
14 4 819 802 766 902 
14 4 784 652 753 899 
14 4 600 591 536 876 
14 4 683 809 726 901 
14 4 610 513 616 892 
14 4 616 611 560 852 
14 4 588 442 534 913 
14 4 643 777 834 914 
14 4 484 631 574 915 
14 4 668 754 823 867 
14 4 435 12 437 291 
14 4 365 367 16 296 
14 4 291 435 2 845 
14 4 5 365 296 640 
14 4 697 843 774 916 
14 4 569 639 493 916 
14 4 773 686 842 917 
14 4 568 638 485 917 
14 4 298 434 7 636 
14 4 292 841 0 366 
14 4 297 436 20 434 
14 4 8 368 290 366 
14 4 365 16 5 296 
14 4 2 12 435 291 
14 4 368 637 1 290 
14 4 6 840 436 297 
14 4 20 297 434 298 
14 4 292 8 290 366 
14 4 637 1 24 368 
14 4 840 287 6 436 
14 4 641 156 3 437 
14 4 4 367 155 844 
14 4 434 7 20 298 
14 4 292 0 8 366 
14 4 429 265 428 864 
14 4 429 428 199 864 
14 4 418 429 200 865 
14 4 418 266 429 865 
14 4 841 90 0 366 
14 4 434 7 636 221 
14 4 435 2 845 222 
14 4 365 5 89 640 
14 4 15 14 495 289 
14 4 17 18 295 698 
14 4 769 9 10 288 
14 4 23 22 294 565 
14 4 437 3 641 293 
14 4 299 367 4 844 
14 4 3 15 641 293 
14 4 299 4 17 844 
14 4 840 6 19 297 
14 4 637 13 1 290 
14 4 1 8 368 290 
14 4 436 20 6 297 
14 4 291 2 11 845 
14 4 21 5 296 640 
14 4 841 0 9 292 
14 4 298 7 23 636 
14 4 437 12 3 293 
14 4 367 4 16 299 
14 4 373 850 394 508 
14 4 373 394 850 709 
14 4 505 394 850 508 
14 4 850 707 394 505 
14 4 850 394 707 709 
14 4 675 796 882 761 
14 4 882 796 675 908 
14 4 675 449 882 908 
14 4 341 908 323 675 
14 4 341 323 908 528 
14 4 449 323 908 675 
14 4 449 908 323 528 
14 4 410 555 757 486 
14 4 851 834 409 776 
14 4 851 409 834 447 
14 4 858 631 315 732 
14 4 858 315 631 572 
14 4 447 914 384 834 
14 4 384 914 447 531 
14 4 915 732 339 631 
14 4 915 339 732 651 
14 4 916 438 854 569 
14 4 917 454 853 568 
14 4 498 916 854 578 
14 4 853 917 704 782 
14 4 325 577 672 780 
14 4 325 672 577 468 
14 4 916 642 854 438 
14 4 916 854 642 774 
14 4 917 658 853 454 
14 4 917 853 658 773 
14 4 853 499 917 579 
14 4 853 917 499 704 
14 4 703 854 916 781 
14 4 916 854 703 498 
14 4 839 710 635 775 
14 4 839 635 710 850 
14 4 570 635 710 775 
14 4 570 710 635 850 
14 4 521 778 837 571 
14 4 837 778 521 849 
14 4 837 632 521 571 
14 4 521 632 837 849 
14 4 509 780 633 577 
14 4 509 633 780 850 
14 4 571 837 649 778 
14 4 649 837 571 855 
14 4 849 835 521 630 
14 4 849 521 835 779 
14 4 775 635 467 570 
14 4 467 635 775 857 
14 4 901 574 547 851 
14 4 901 547 574 604 
14 4 334 637 917 485 
14 4 334 917 637 366 
14 4 369 840 916 434 
14 4 369 916 840 697 
14 4 771 404 848 435 
14 4 771 848 404 566 
14 4 641 848 404 435 
14 4 641 404 848 566 
14 4 567 300 847 772 
14 4 567 847 300 365 
14 4 844 847 300 772 
14 4 844 300 847 365 
14 4 913 777 700 786 
14 4 913 700 777 858 
14 4 296 367 844 365 
14 4 296 844 367 299 
14 4 291 437 641 293 
14 4 291 641 437 435 
14 4 882 675 323 449 
14 4 323 675 882 761 
14 4 598 555 880 909 
14 4 598 880 555 486 
14 4 757 880 555 909 
14 4 757 555 880 486 
14 4 909 757 410 555 
14 4 410 757 909 653 
14 4 410 392 909 555 
14 4 909 392 410 653 
14 4 577 633 672 780 
14 4 838 633 672 861 
14 4 838 672 633 780 
14 4 672 468 633 577 
14 4 633 468 672 861 
14 4 521 779 630 835 
14 4 521 630 779 573 
14 4 856 630 779 835 
14 4 476 630 679 856 
14 4 476 679 630 573 
14 4 779 679 630 856 
14 4 779 630 679 573 
