3738
-1 27 3
-1 55 3
-1 98 3
-1 100 3
-1 102 3
-1 117 3
-1 148 3
-1 172 3
-1 174 3
-1 179 3
-1 194 3
-1 206 3
-1 218 3
-1 229 3
-1 232 3
-1 243 3
16 259 3
-1 264 3
-1 273 3
-1 278 3
-1 305 3
-1 306 3
-1 353 3
-1 356 3
-1 359 3
-1 372 3
-1 375 3
-1 383 3
-1 384 3
-1 386 3
-1 387 3
-1 422 3
-1 426 3
-1 427 3
-1 429 3
-1 430 3
-1 434 3
-1 454 3
-1 455 3
-1 476 3
-1 478 3
-1 480 3
-1 482 3
-1 483 3
-1 484 3
-1 488 3
-1 491 3
-1 496 3
-1 500 3
-1 505 3
-1 517 3
-1 525 3
-1 526 3
-1 545 3
-1 546 3
-1 553 3
-1 560 3
-1 561 3
-1 562 3
-1 563 3
-1 569 3
-1 576 3
-1 578 3
-1 581 3
-1 601 3
-1 611 3
-1 615 3
-1 616 3
-1 617 3
-1 627 3
-1 628 3
-1 631 3
-1 632 3
-1 633 3
-1 646 3
-1 647 3
-1 648 3
-1 649 3
-1 651 3
-1 661 3
-1 663 3
-1 664 3
-1 665 3
-1 670 3
-1 671 3
-1 673 3
-1 679 3
-1 687 3
-1 688 3
-1 701 3
-1 705 3
-1 706 3
-1 709 3
-1 718 3
-1 740 3
-1 743 3
-1 744 3
-1 745 3
-1 753 3
-1 754 3
-1 760 3
-1 761 3
-1 765 3
-1 775 3
-1 776 3
-1 779 3
-1 783 3
-1 784 3
-1 792 3
-1 797 3
-1 803 3
-1 809 3
-1 852 3
-1 862 3
-1 869 3
-1 875 3
-1 887 3
-1 897 3
-1 898 3
-1 900 3
-1 901 3
-1 906 3
-1 911 3
-1 912 3
-1 915 3
-1 916 3
-1 930 3
-1 933 3
-1 939 3
-1 959 3
-1 964 3
-1 967 3
-1 968 3
-1 976 3
-1 987 3
-1 995 3
-1 1000 3
13 1001 3
-1 1016 3
-1 1022 3
-1 1029 3
-1 1033 3
-1 1034 3
-1 1044 3
-1 1049 3
-1 1050 3
-1 1051 3
-1 1052 3
-1 1053 3
-1 1059 3
-1 1062 3
-1 1068 3
-1 1072 3
-1 1080 3
-1 1103 3
-1 1113 3
-1 1130 3
-1 1131 3
-1 1137 3
-1 1143 3
-1 1146 3
-1 1147 3
-1 1157 3
-1 1165 3
-1 1176 3
-1 1178 3
-1 1186 3
-1 1191 3
15 1230 3
-1 1238 3
16 1239 3
-1 1250 3
-1 1253 3
-1 1258 3
-1 1259 3
-1 1275 3
-1 1283 3
-1 1300 3
-1 1312 3
-1 1321 3
-1 1349 3
-1 1380 3
-1 1383 3
16 1404 3
-1 1406 3
-1 1409 3
-1 1410 3
-1 1417 3
-1 1418 3
-1 1424 3
-1 1434 3
-1 1435 3
-1 1446 3
16 1458 3
-1 1459 3
-1 1462 3
-1 1468 3
-1 1471 3
-1 1489 3
-1 1490 3
-1 1500 3
-1 1506 3
-1 1507 3
-1 1513 3
-1 1514 3
-1 1515 3
-1 1523 3
-1 1528 3
-1 1539 3
-1 1547 3
-1 1548 3
-1 1550 3
-1 1555 3
-1 1561 3
-1 1562 3
-1 1563 3
-1 1570 3
-1 1572 3
-1 1582 3
-1 1583 3
-1 1586 3
-1 1588 3
-1 1605 3
-1 1610 3
-1 1612 3
-1 1613 3
-1 1616 3
-1 1627 3
-1 1628 3
-1 1646 3
-1 1653 3
-1 1656 3
-1 1659 3
-1 1662 3
-1 1670 3
-1 1677 3
-1 1709 3
-1 1730 3
-1 1734 3
-1 1738 3
-1 1741 3
-1 1754 3
-1 1759 3
-1 1760 3
-1 1761 3
-1 1762 3
16 1774 3
16 1778 3
-1 1784 3
-1 1789 3
-1 1802 3
-1 1804 3
-1 1809 3
-1 1813 3
-1 1840 3
-1 1847 3
-1 1857 3
-1 1865 3
-1 1866 3
16 1868 3
-1 1869 3
-1 1870 3
16 1873 3
16 1877 3
-1 1883 3
-1 1884 3
-1 1892 3
-1 1898 3
-1 1902 3
-1 1909 3
-1 1912 3
-1 1942 3
-1 1943 3
-1 1944 3
-1 1948 3
16 1954 3
-1 1958 3
-1 1963 3
-1 1965 3
-1 1967 3
-1 1968 3
-1 1977 3
-1 1993 3
-1 1999 3
-1 2010 3
-1 2011 3
-1 2019 3
-1 2020 3
-1 2030 3
-1 2037 3
-1 2038 3
-1 2042 3
-1 2051 3
-1 2052 3
-1 2053 3
-1 2055 3
-1 2056 3
-1 2059 3
-1 2061 3
-1 2067 3
-1 2071 3
-1 2072 3
-1 2074 3
-1 2075 3
-1 2076 3
-1 2077 3
-1 2078 3
-1 2081 3
-1 2082 3
-1 2083 3
-1 2085 3
-1 2086 3
-1 2087 3
-1 2091 3
-1 2092 3
-1 2093 3
-1 2094 3
-1 2095 3
-1 2097 3
-1 2098 3
-1 2100 3
-1 2101 3
-1 2102 3
-1 2104 3
-1 2105 3
-1 2106 3
-1 2107 3
-1 2109 3
-1 2110 3
-1 2111 3
-1 2115 3
-1 2116 3
-1 2117 3
-1 2118 3
-1 2120 3
-1 2121 3
-1 2123 3
-1 2124 3
-1 2126 3
-1 2128 3
-1 2129 3
-1 2133 3
-1 2134 3
-1 2135 3
-1 2138 3
-1 2141 3
-1 2143 3
-1 2145 3
-1 2146 3
-1 2147 3
-1 2152 3
-1 2155 3
-1 2158 3
-1 2159 3
-1 2162 3
-1 2163 3
-1 2171 3
-1 2172 3
-1 2173 3
-1 2175 3
-1 2176 3
-1 2178 3
-1 2179 3
-1 2184 3
-1 2186 3
-1 2187 3
-1 2189 3
-1 2190 3
-1 2195 3
-1 2196 3
-1 2197 3
-1 2198 3
-1 2199 3
-1 2200 3
-1 2201 3
-1 2203 3
-1 2204 3
-1 2205 3
-1 2206 3
-1 2217 3
-1 2227 3
-1 2228 3
-1 2229 3
-1 2230 3
-1 2231 3
-1 2234 3
-1 2235 3
-1 2236 3
-1 2238 3
-1 2239 3
-1 2241 3
-1 2242 3
-1 2243 3
-1 2244 3
-1 2245 3
-1 2246 3
-1 2247 3
-1 2249 3
-1 2250 3
-1 2252 3
-1 2253 3
-1 2254 3
-1 2256 3
-1 2257 3
-1 2259 3
-1 2262 3
-1 2264 3
-1 2265 3
-1 2266 3
-1 2267 3
-1 2268 3
-1 2272 3
-1 2273 3
-1 2274 3
-1 2275 3
-1 2277 3
-1 2281 3
-1 2282 3
-1 2283 3
-1 2284 3
-1 2287 3
-1 2291 3
-1 2294 3
-1 2295 3
-1 2297 3
-1 2298 3
-1 2299 3
-1 2300 3
-1 2306 3
-1 2307 3
-1 2308 3
-1 2312 3
-1 2313 3
-1 2315 3
-1 2317 3
-1 2319 3
-1 2320 3
-1 2321 3
-1 2322 3
-1 2323 3
-1 2327 3
-1 2328 3
-1 2329 3
-1 2331 3
-1 2335 3
-1 2336 3
-1 2340 3
-1 2341 3
-1 2342 3
-1 2347 3
-1 2348 3
-1 2350 3
-1 2352 3
-1 2353 3
-1 2354 3
-1 2363 3
-1 2364 3
-1 2365 3
-1 2369 3
-1 2375 3
-1 2377 3
-1 2378 3
-1 2381 3
-1 2387 3
-1 2391 3
-1 2392 3
-1 2394 3
-1 2395 3
-1 2396 3
-1 2397 3
-1 2398 3
-1 2399 3
-1 2400 3
-1 2401 3
-1 2402 3
-1 2403 3
-1 2404 3
-1 2406 3
-1 2410 3
-1 2412 3
-1 2413 3
-1 2414 3
-1 2415 3
-1 2416 3
-1 2422 3
-1 2425 3
-1 2426 3
-1 2431 3
-1 2432 3
-1 2433 3
-1 2434 3
-1 2437 3
-1 2439 3
-1 2441 3
-1 2442 3
-1 2457 3
-1 2460 3
-1 2461 3
-1 2463 3
-1 2464 3
-1 2467 3
-1 2468 3
-1 2469 3
-1 2471 3
-1 2475 3
-1 2476 3
-1 2477 3
-1 2480 3
-1 2483 3
-1 2484 3
-1 2485 3
-1 2487 3
-1 2488 3
-1 2490 3
-1 2491 3
-1 2497 3
-1 2498 3
-1 2499 3
-1 2505 3
-1 2506 3
-1 2510 3
-1 2511 3
-1 2512 3
-1 2529 3
-1 2530 3
-1 2533 3
-1 2534 3
-1 2536 3
-1 2537 3
-1 2539 3
-1 2541 3
-1 2542 3
-1 2548 3
-1 2549 3
-1 2553 3
-1 2554 3
-1 2555 3
-1 2557 3
-1 2558 3
-1 2559 3
-1 2560 3
-1 2561 3
-1 2564 3
-1 2565 3
-1 2566 3
-1 2567 3
-1 2571 3
-1 2572 3
-1 2578 3
-1 2579 3
-1 2580 3
-1 2581 3
-1 2583 3
-1 2584 3
-1 2585 3
-1 2586 3
-1 2587 3
-1 2588 3
-1 2589 3
-1 2594 3
-1 2599 3
16 2603 3
-1 2606 3
-1 2607 3
-1 2610 3
-1 2611 3
-1 2612 3
-1 2618 3
-1 2623 3
16 2627 3
-1 2629 3
-1 2633 3
-1 2638 3
-1 2639 3
-1 2643 3
-1 2656 3
-1 2657 3
-1 2658 3
-1 2659 3
-1 2660 3
-1 2662 3
-1 2663 3
-1 2664 3
16 2665 3
-1 2667 3
-1 2668 3
-1 2673 3
-1 2680 3
-1 2681 3
-1 2687 3
-1 2689 3
-1 2692 3
-1 2693 3
-1 2704 3
-1 2707 3
-1 2708 3
-1 2710 3
-1 2714 3
-1 2720 3
-1 2721 3
16 2731 3
-1 2744 3
-1 2758 3
-1 2762 3
-1 2766 3
-1 2767 3
-1 2768 3
-1 2770 3
-1 2773 3
-1 2781 3
-1 2782 3
-1 2789 3
-1 2794 3
-1 2798 3
-1 2799 3
-1 2801 3
-1 2806 3
-1 2809 3
-1 2811 3
-1 2814 3
-1 2821 3
-1 2822 3
-1 2823 3
-1 2827 3
-1 2828 3
-1 2829 3
-1 2830 3
-1 2833 3
-1 2837 3
-1 2838 3
-1 2839 3
-1 2840 3
16 2842 3
-1 2844 3
-1 2845 3
-1 2846 3
-1 2847 3
-1 2848 3
-1 2849 3
-1 2852 3
-1 2853 3
-1 2854 3
16 2857 3
-1 2859 3
-1 2860 3
-1 2866 3
-1 2874 3
16 2877 3
16 2880 3
-1 2883 3
-1 2884 3
-1 2889 3
-1 2890 3
-1 2891 3
-1 2893 3
-1 2894 3
-1 2895 3
-1 2898 3
-1 2899 3
-1 2900 3
-1 2901 3
-1 2902 3
-1 2903 3
-1 2904 3
-1 2906 3
-1 2907 3
-1 2908 3
-1 2910 3
-1 2913 3
-1 2915 3
-1 2919 3
-1 2920 3
-1 2921 3
-1 2927 3
-1 2928 3
-1 2930 3
-1 2931 3
-1 2933 3
-1 2934 3
-1 2935 3
-1 2936 3
16 2938 3
13 2940 3
-1 2941 3
-1 2943 3
-1 2946 3
-1 2948 3
-1 2950 3
-1 2953 3
-1 2955 3
16 2957 3
-1 2961 3
-1 2962 3
-1 2969 3
-1 2970 3
-1 2972 3
15 2976 3
-1 2977 3
-1 2980 3
-1 2984 3
-1 2987 3
-1 2988 3
16 2992 3
16 2999 3
-1 3001 3
-1 3002 3
-1 3006 3
-1 3007 3
-1 3009 3
-1 3010 3
-1 3011 3
-1 3013 3
-1 3014 3
-1 3015 3
-1 3017 3
-1 3020 3
-1 3021 3
-1 3025 3
-1 3026 3
-1 3027 3
-1 3030 3
-1 3032 3
-1 3036 3
-1 3037 3
-1 3043 3
-1 3048 3
-1 3051 3
-1 3053 3
-1 3055 3
-1 3056 3
-1 3059 3
-1 3064 3
-1 3066 3
-1 3068 3
-1 3069 3
-1 3071 3
-1 3073 3
-1 3076 3
-1 3078 3
-1 3092 3
-1 3093 2
-1 3094 3
-1 3097 3
-1 3103 3
-1 3104 3
-1 3105 3
-1 3108 3
-1 3109 3
-1 3111 2
-1 3117 0
-1 3119 0
-1 3127 3
-1 3129 3
-1 3130 3
-1 3131 3
-1 3138 3
-1 3142 3
-1 3146 3
-1 3149 3
-1 3150 3
-1 3152 3
-1 3154 3
-1 3155 3
-1 3156 3
-1 3158 3
-1 3159 3
-1 3160 3
-1 3163 3
-1 3164 3
-1 3165 3
-1 3167 3
-1 3168 3
-1 3171 3
-1 3175 3
-1 3176 3
-1 3179 3
-1 3181 3
-1 3182 3
-1 3188 3
-1 3194 3
-1 3195 3
-1 3196 3
-1 3197 2
-1 3198 2
-1 3199 3
16 3200 3
16 3205 3
-1 3207 3
-1 3208 3
-1 3209 3
-1 3210 3
-1 3216 3
-1 3217 3
-1 3218 3
-1 3222 3
-1 3224 3
-1 3225 3
-1 3226 3
-1 3229 3
-1 3230 3
-1 3231 3
-1 3233 3
-1 3237 3
-1 3240 3
-1 3241 3
-1 3246 3
-1 3247 3
-1 3249 3
-1 3258 3
-1 3262 3
-1 3263 3
-1 3273 3
-1 3275 3
-1 3277 3
-1 3278 3
-1 3279 3
-1 3285 3
-1 3288 3
-1 3294 3
-1 3298 3
-1 3300 3
-1 3304 3
-1 3306 3
16 3310 3
-1 3311 3
-1 3314 3
-1 3317 3
-1 3318 3
-1 3324 3
-1 3339 3
-1 3341 3
-1 3342 3
-1 3344 3
-1 3345 3
-1 3346 3
-1 3348 3
-1 3349 3
-1 3350 3
-1 3352 3
16 3353 3
-1 3354 3
-1 3356 3
-1 3358 3
-1 3360 3
-1 3363 3
-1 3369 3
-1 3370 3
-1 3371 3
-1 3375 3
16 3377 3
-1 3379 3
16 3382 3
-1 3383 3
-1 3384 3
16 3385 3
-1 3388 3
-1 3389 3
-1 3392 3
-1 3393 3
-1 3394 3
-1 3396 3
-1 3397 3
-1 3398 3
-1 3402 3
-1 3403 3
-1 3411 3
-1 3413 3
-1 3416 3
-1 3417 3
-1 3421 3
-1 3422 3
-1 3428 3
-1 3429 3
-1 3434 3
-1 3437 3
-1 3441 3
-1 3442 3
-1 3447 3
-1 3450 3
-1 3453 3
-1 3455 3
-1 3458 3
-1 3459 3
-1 3460 1
-1 3463 3
-1 3469 3
-1 3474 3
-1 3478 3
-1 3482 3
-1 3484 3
-1 3486 3
-1 3498 3
-1 3499 3
16 3506 3
-1 3513 3
16 3517 3
-1 3519 3
-1 3521 3
-1 3523 3
-1 3533 3
-1 3549 3
-1 3550 3
16 3552 3
-1 3553 3
-1 3556 3
-1 3558 3
-1 3573 3
-1 3577 3
16 3579 3
16 3580 3
16 3581 3
-1 3582 3
-1 3583 2
-1 3591 2
16 3597 3
-1 3599 3
-1 3600 3
-1 3601 3
-1 3609 3
-1 3612 3
-1 3613 3
-1 3614 3
16 3615 3
-1 3626 3
-1 3627 3
-1 3631 0
-1 3632 3
-1 3637 3
16 3638 3
16 3643 3
-1 3650 3
-1 3652 3
-1 3656 3
-1 3663 3
-1 3669 3
-1 3670 3
-1 3671 3
-1 3675 2
-1 3676 3
-1 3677 3
-1 3680 3
-1 3684 3
-1 3686 3
-1 3687 3
16 3690 3
-1 3691 3
-1 3692 3
-1 3693 0
16 3695 3
-1 3700 3
-1 3701 3
-1 3702 3
16 3703 3
-1 3704 3
-1 3705 3
-1 3710 3
-1 3712 3
-1 3714 3
16 3718 3
-1 3719 1
-1 3720 3
-1 3721 3
-1 3725 3
-1 3726 3
-1 3729 3
-1 3730 3
-1 3732 3
-1 3733 3
-1 3734 3
-1 3742 3
-1 3743 3
-1 3746 3
16 3748 3
-1 3752 3
-1 3758 3
16 3762 3
-1 3763 3
-1 3766 3
-1 3767 3
-1 3771 3
-1 3773 3
-1 3778 3
-1 3780 3
-1 3784 3
-1 3787 3
-1 3789 3
-1 3790 3
-1 3793 3
-1 3796 3
-1 3804 2
-1 3805 3
-1 3815 3
-1 3820 3
16 3830 3
-1 3832 3
-1 3833 3
-1 3835 3
-1 3836 3
-1 3837 3
16 3838 3
-1 3840 3
-1 3841 3
16 3842 3
-1 3844 3
16 3846 3
-1 3849 3
-1 3852 3
-1 3857 3
-1 3858 3
-1 3859 3
-1 3866 3
-1 3867 3
-1 3868 3
-1 3870 3
-1 3871 3
-1 3872 3
-1 3873 3
-1 3876 3
-1 3879 3
-1 3886 3
-1 3887 3
-1 3888 3
-1 3889 3
-1 3890 3
-1 3892 3
-1 3895 3
-1 3896 3
-1 3900 3
13 3902 3
-1 3909 3
-1 3911 1
-1 3913 3
-1 3914 0
-1 3915 1
-1 3916 2
-1 3917 3
-1 3919 3
16 3920 3
-1 3921 3
-1 3923 3
-1 3925 3
-1 3927 3
-1 3928 3
-1 3930 3
-1 3931 3
16 3934 3
-1 3935 0
-1 3936 1
-1 3939 1
-1 3940 3
-1 3941 3
-1 3942 3
-1 3943 2
-1 3945 3
-1 3947 3
-1 3948 3
-1 3949 3
-1 3950 3
-1 3951 3
-1 3952 3
-1 3953 2
-1 3955 3
-1 3956 1
-1 3958 0
-1 3959 2
-1 3960 3
-1 3961 1
-1 3962 2
-1 3963 2
-1 3964 3
-1 3965 1
-1 3966 1
-1 3967 3
-1 3968 3
-1 3969 3
-1 3970 3
-1 3971 1
-1 3972 3
-1 3973 2
-1 3974 3
-1 3975 3
-1 3976 1
-1 3977 3
-1 3978 3
-1 3979 3
-1 3980 3
-1 3981 0
-1 3982 3
-1 3983 0
-1 3984 3
-1 3985 3
-1 3986 3
-1 3987 3
-1 3988 3
-1 3989 3
-1 3990 3
-1 3991 2
-1 3992 2
-1 3993 3
-1 3994 3
-1 3996 1
-1 3997 1
-1 3998 3
-1 3999 3
-1 4000 3
-1 4001 3
-1 4002 3
-1 4003 3
-1 4004 0
-1 4005 3
-1 4006 1
-1 4007 1
-1 4008 3
-1 4009 3
-1 4010 1
-1 4011 3
-1 4012 3
-1 4013 3
16 4014 3
-1 4015 3
-1 4016 3
-1 4017 0
-1 4018 2
-1 4019 2
-1 4020 3
-1 4021 3
-1 4022 3
-1 4024 1
-1 4025 2
-1 4026 3
-1 4027 0
-1 4028 2
-1 4032 1
-1 4035 1
-1 4036 3
-1 4037 3
-1 4038 2
-1 4039 2
16 4041 3
-1 4042 2
16 4044 0
-1 4045 3
-1 4046 3
-1 4047 3
-1 4048 3
16 4049 3
-1 4050 3
-1 4051 2
-1 4052 1
-1 4053 2
-1 4054 3
-1 4058 2
-1 4059 2
16 4060 3
-1 4062 2
-1 4064 3
-1 4065 3
-1 4067 3
-1 4068 3
-1 4069 3
-1 4070 3
-1 4071 3
16 4074 3
-1 4075 1
-1 4077 3
-1 4078 3
-1 4080 3
-1 4082 3
-1 4083 3
-1 4084 3
-1 4085 3
-1 4086 3
16 4087 3
-1 4088 3
-1 4089 3
-1 4090 3
-1 4091 3
-1 4092 3
-1 4093 3
-1 4094 3
-1 4095 3
-1 4098 3
-1 4099 3
-1 4100 0
-1 4101 2
-1 4102 2
16 4104 3
16 4105 3
-1 4107 3
-1 4109 3
-1 4110 3
-1 4111 3
-1 4112 1
16 4113 3
-1 4114 3
-1 4115 2
-1 4116 3
-1 4118 3
-1 4120 3
-1 4121 2
-1 4122 1
-1 4123 3
-1 4125 2
-1 4127 3
-1 4128 3
-1 4131 3
-1 4133 3
16 4135 3
-1 4136 0
-1 4138 0
-1 4140 3
-1 4141 3
-1 4142 3
-1 4143 3
-1 4144 2
-1 4145 3
-1 4147 3
-1 4148 2
-1 4149 3
-1 4150 3
-1 4152 3
-1 4153 3
16 4155 3
-1 4156 3
-1 4157 3
-1 4158 3
-1 4159 2
-1 4162 3
-1 4163 3
16 4166 3
-1 4168 3
-1 4169 1
-1 4170 2
-1 4171 3
-1 4172 3
-1 4174 3
-1 4176 3
-1 4179 3
-1 4181 3
-1 4183 3
-1 4184 3
16 4186 3
-1 4188 3
-1 4191 3
-1 4192 3
-1 4198 3
-1 4199 1
-1 4203 3
-1 4204 0
-1 4208 3
-1 4209 3
-1 4210 1
-1 4211 3
-1 4212 3
-1 4213 3
-1 4214 3
-1 4215 1
-1 4216 1
-1 4217 3
-1 4218 1
-1 4219 3
-1 4220 3
-1 4221 3
-1 4222 1
-1 4223 3
-1 4224 3
-1 4225 3
-1 4226 3
-1 4234 1
-1 4238 3
-1 4239 3
-1 4240 3
-1 4241 3
-1 4243 1
-1 4247 1
-1 4249 3
-1 4250 3
-1 4251 1
-1 4252 1
-1 4253 3
-1 4254 3
16 4258 3
-1 4259 1
-1 4262 3
-1 4265 3
16 4266 3
-1 4267 3
-1 4268 3
-1 4270 3
16 4273 3
-1 4275 2
-1 4276 3
-1 4277 3
-1 4279 3
-1 4280 3
-1 4281 2
-1 4282 1
-1 4283 3
15 4284 3
-1 4285 2
-1 4286 3
-1 4288 2
-1 4289 1
16 4292 3
-1 4293 1
-1 4295 3
-1 4296 3
-1 4298 2
16 4299 3
-1 4300 3
-1 4301 3
-1 4302 1
-1 4303 3
-1 4304 3
16 4306 3
-1 4311 3
-1 4312 1
-1 4313 3
-1 4315 3
-1 4316 3
-1 4317 3
-1 4318 3
-1 4319 3
-1 4320 3
-1 4321 2
-1 4322 0
-1 4323 3
-1 4325 3
-1 4327 3
-1 4328 1
-1 4331 2
-1 4333 1
-1 4334 3
-1 4335 1
-1 4338 3
-1 4339 3
-1 4343 3
-1 4344 3
-1 4345 1
-1 4351 3
-1 4353 3
-1 4354 3
-1 4356 3
-1 4361 3
-1 4362 3
-1 4365 2
-1 4366 1
-1 4367 2
-1 4368 3
-1 4371 3
-1 4372 3
-1 4373 1
-1 4374 1
-1 4375 1
16 4376 3
-1 4378 3
-1 4379 3
-1 4380 1
-1 4382 1
-1 4383 3
-1 4384 3
-1 4386 3
-1 4387 3
-1 4389 3
-1 4391 3
-1 4392 3
-1 4394 3
-1 4395 3
-1 4396 3
-1 4398 3
-1 4399 3
-1 4400 3
-1 4402 3
-1 4403 3
-1 4404 3
-1 4405 3
-1 4406 1
-1 4407 3
-1 4408 3
-1 4409 1
-1 4411 3
-1 4412 3
16 4413 3
-1 4414 3
-1 4415 3
-1 4416 3
-1 4417 3
-1 4418 3
-1 4420 3
-1 4421 3
-1 4422 3
-1 4423 3
-1 4424 3
-1 4425 3
-1 4426 3
-1 4427 3
-1 4428 3
-1 4429 3
-1 4430 3
-1 4431 3
-1 4432 3
-1 4433 3
-1 4434 3
-1 4435 3
-1 4436 3
-1 4437 3
-1 4438 3
-1 4439 3
-1 4440 3
-1 4441 3
-1 4442 3
-1 4443 3
-1 4444 3
-1 4445 3
-1 4446 3
-1 4447 3
-1 4448 3
-1 4451 3
-1 4452 3
16 4453 3
-1 4454 3
-1 4455 3
-1 4456 3
-1 4457 3
-1 4459 3
-1 4460 3
-1 4461 1
-1 4463 2
-1 4465 3
-1 4468 3
-1 4469 3
-1 4470 3
-1 4471 3
-1 4472 3
-1 4473 3
-1 4474 3
-1 4475 3
-1 4476 3
-1 4477 3
-1 4478 3
-1 4480 3
16 4481 3
-1 4482 3
-1 4483 3
-1 4484 3
-1 4485 3
-1 4488 3
-1 4489 3
-1 4491 3
-1 4492 3
-1 4493 3
16 4494 3
-1 4495 2
16 4496 3
-1 4497 3
-1 4498 3
-1 4499 3
-1 4501 2
-1 4502 3
-1 4503 3
-1 4505 3
-1 4506 3
16 4507 3
-1 4508 3
-1 4510 3
-1 4513 3
-1 4515 3
-1 4516 3
-1 4517 2
-1 4518 3
-1 4519 3
-1 4522 3
-1 4524 0
-1 4525 3
-1 4526 3
-1 4527 3
-1 4528 3
-1 4529 1
-1 4530 3
-1 4531 3
16 4532 3
-1 4533 3
-1 4534 3
-1 4538 1
-1 4539 3
-1 4542 3
-1 4543 0
-1 4545 3
-1 4546 2
-1 4547 3
-1 4548 1
-1 4550 3
-1 4551 3
16 4553 3
-1 4554 3
-1 4555 3
-1 4556 3
-1 4558 3
-1 4559 3
-1 4560 3
-1 4561 3
-1 4562 3
-1 4563 3
-1 4567 3
-1 4568 3
16 4569 3
16 4570 3
-1 4571 3
-1 4573 3
-1 4574 3
-1 4575 3
-1 4577 3
-1 4578 3
-1 4579 3
-1 4581 3
-1 4582 3
-1 4583 3
-1 4584 3
-1 4585 3
-1 4586 3
-1 4588 1
-1 4590 3
-1 4591 3
-1 4592 3
16 4596 2
-1 4597 3
-1 4598 3
-1 4599 3
-1 4600 3
-1 4601 3
-1 4602 3
-1 4603 3
-1 4604 3
-1 4605 3
-1 4608 3
16 4609 3
-1 4610 3
-1 4611 0
16 4612 3
-1 4614 3
-1 4615 3
-1 4616 3
-1 4617 3
16 4618 1
-1 4620 3
-1 4621 3
-1 4622 3
-1 4624 3
-1 4625 3
-1 4626 3
-1 4627 3
-1 4628 3
-1 4631 3
-1 4632 3
-1 4633 3
15 4634 3
-1 4636 3
-1 4637 3
-1 4638 3
-1 4639 3
-1 4640 3
-1 4641 3
-1 4642 3
-1 4643 3
16 4646 3
16 4647 3
-1 4649 3
-1 4650 3
-1 4651 3
-1 4654 3
-1 4655 3
-1 4658 2
-1 4660 3
-1 4664 3
16 4666 3
-1 4668 3
-1 4669 3
-1 4670 3
-1 4673 3
16 4674 3
-1 4675 3
-1 4676 3
16 4677 1
-1 4678 3
-1 4680 3
-1 4681 3
-1 4682 2
16 4683 3
-1 4684 3
-1 4685 3
-1 4686 3
-1 4687 3
-1 4689 3
16 4690 3
-1 4691 3
-1 4694 2
-1 4696 1
-1 4698 3
16 4699 1
-1 4700 3
-1 4702 3
-1 4703 2
-1 4705 3
-1 4707 3
-1 4708 2
-1 4709 3
-1 4710 3
-1 4711 3
-1 4712 3
-1 4713 3
-1 4714 3
-1 4715 3
-1 4716 3
-1 4717 3
-1 4718 3
-1 4719 3
-1 4720 3
-1 4721 3
-1 4722 3
-1 4723 3
-1 4724 0
-1 4725 3
-1 4727 3
-1 4728 3
16 4732 0
-1 4733 3
-1 4736 3
-1 4737 3
-1 4739 3
-1 4741 3
-1 4742 3
-1 4743 1
-1 4744 3
-1 4745 3
16 4747 1
-1 4748 3
-1 4749 2
-1 4750 2
-1 4751 3
-1 4752 3
-1 4753 3
-1 4754 3
-1 4755 3
-1 4756 3
-1 4757 3
-1 4758 0
-1 4760 3
-1 4761 3
-1 4762 3
-1 4763 3
-1 4764 3
-1 4765 3
-1 4766 3
-1 4767 3
-1 4768 3
-1 4770 3
-1 4771 3
-1 4772 3
-1 4773 3
-1 4774 3
-1 4775 2
-1 4776 3
-1 4777 3
-1 4778 3
-1 4779 3
-1 4780 3
-1 4781 3
-1 4782 0
-1 4783 3
-1 4784 3
-1 4785 3
-1 4786 3
-1 4787 3
-1 4788 3
-1 4789 3
-1 4790 3
-1 4791 3
-1 4793 2
-1 4796 3
-1 4797 3
-1 4798 3
-1 4799 3
-1 4800 3
-1 4801 3
-1 4802 3
-1 4803 2
-1 4805 3
-1 4806 3
16 4807 3
-1 4808 3
-1 4809 3
-1 4810 3
-1 4811 3
-1 4812 3
-1 4813 3
-1 4814 0
16 4816 3
-1 4817 3
-1 4818 2
-1 4819 3
-1 4820 3
-1 4821 3
-1 4822 3
-1 4823 3
-1 4825 3
-1 4826 3
-1 4827 3
-1 4828 3
-1 4830 3
-1 4831 3
16 4832 2
-1 4833 3
-1 4834 3
-1 4835 3
-1 4836 3
-1 4837 3
-1 4839 3
16 4840 3
-1 4841 3
-1 4842 3
-1 4843 3
-1 4844 3
-1 4845 3
-1 4847 3
16 4848 1
-1 4849 3
-1 4850 3
-1 4851 3
-1 4852 3
-1 4853 3
-1 4854 3
-1 4855 3
-1 4856 3
-1 4857 3
-1 4858 3
-1 4859 3
-1 4860 3
-1 4861 3
13 4862 3
-1 4866 3
-1 4867 3
-1 4868 3
-1 4869 3
-1 4870 3
-1 4871 3
-1 4872 3
-1 4873 2
-1 4875 3
-1 4876 3
-1 4877 3
-1 4878 3
-1 4879 3
-1 4880 3
-1 4881 3
-1 4882 3
-1 4883 3
-1 4884 3
-1 4885 3
-1 4886 3
-1 4888 3
-1 4889 3
-1 4890 3
-1 4891 3
-1 4892 3
-1 4893 3
-1 4894 2
-1 4895 2
-1 4898 3
16 4899 1
-1 4900 3
-1 4901 3
-1 4902 2
-1 4903 3
-1 4904 3
-1 4907 3
16 4908 3
-1 4909 3
-1 4911 0
-1 4912 3
-1 4913 3
-1 4914 3
-1 4915 3
15 4916 3
-1 4917 1
-1 4918 3
-1 4919 3
-1 4920 3
16 4921 1
16 4922 3
16 4923 1
16 4924 3
-1 4925 3
-1 4927 3
-1 4928 3
-1 4929 1
16 4930 3
-1 4931 3
-1 4932 3
-1 4933 3
-1 4934 3
-1 4935 3
-1 4936 3
-1 4937 3
16 4938 3
-1 4939 3
-1 4940 3
-1 4941 3
-1 4942 2
-1 4943 3
16 4944 3
-1 4946 3
-1 4948 3
-1 4949 3
16 4950 3
-1 4951 3
-1 4952 3
-1 4953 3
-1 4954 2
-1 4955 1
16 4956 3
-1 4957 3
-1 4958 3
-1 4959 3
-1 4960 3
-1 4961 3
-1 4962 3
16 4963 3
-1 4964 3
16 4966 3
16 4967 0
-1 4969 3
16 4970 3
-1 4971 3
-1 4972 3
-1 4973 3
-1 4974 3
-1 4975 3
-1 4976 3
-1 4978 3
15 4979 1
-1 4980 3
-1 4981 3
16 4982 3
-1 4983 2
16 4984 3
16 4985 1
16 4986 3
16 4987 2
-1 4988 3
-1 4989 2
-1 4990 3
-1 4991 0
16 4992 1
16 4993 3
-1 4994 2
-1 4995 2
-1 4996 3
16 4997 3
-1 4998 1
16 4999 2
-1 5000 2
-1 5001 2
16 5002 0
-1 5003 2
-1 5004 0
-1 5005 0
-1 5006 0
16 5007 1
-1 5008 2
-1 5009 1
16 5010 2
16 5011 2
16 5012 1
-1 5013 0
-1 5014 2
-1 5015 3
-1 5016 1
-1 5017 3
-1 5018 3
-1 5019 1
-1 5020 0
-1 5021 2
-1 5022 0
-1 5023 3
-1 5024 3
-1 5025 3
-1 5026 2
-1 5027 0
16 5028 3
-1 5029 0
-1 5031 1
-1 5032 2
-1 5033 2
16 5034 3
-1 5035 1
16 5036 3
16 5037 3
16 5038 3
-1 5039 2
16 5040 3
16 5041 3
16 5042 3
-1 5043 1
-1 5044 3
-1 5045 3
-1 5046 1
16 5048 3
-1 5049 3
16 5050 3
-1 5051 3
-1 5052 3
-1 5053 1
-1 5054 2
-1 5055 3
-1 5056 3
-1 5057 3
-1 5060 0
-1 5061 3
-1 5062 2
-1 5063 3
-1 5064 1
-1 5065 3
-1 5066 2
-1 5067 3
-1 5068 3
-1 5069 3
16 5070 3
-1 5071 3
-1 5072 3
-1 5073 1
-1 5074 3
-1 5075 3
-1 5076 3
-1 5077 0
-1 5078 3
13 5079 3
-1 5080 3
-1 5081 3
-1 5082 3
-1 5083 3
16 5084 3
13 5087 3
-1 5088 3
16 5090 3
16 5091 1
-1 5093 3
-1 5096 3
16 5097 2
16 5098 3
16 5099 1
16 5100 3
-1 5101 3
-1 5102 3
16 5103 1
-1 5105 3
-1 5106 1
15 5107 3
16 5108 1
16 5109 3
16 5110 1
-1 5112 3
-1 5113 3
16 5114 3
-1 5115 3
-1 5116 3
-1 5117 1
16 5118 3
-1 5119 2
-1 5121 3
-1 5122 3
16 5123 1
-1 5124 3
-1 5125 3
16 5126 1
-1 5127 3
16 5128 1
-1 5129 3
16 5130 1
-1 5132 1
16 5133 3
16 5134 1
16 5135 3
-1 5136 3
-1 5137 3
-1 5140 3
-1 5141 3
-1 5142 3
-1 5143 1
-1 5144 3
16 5145 0
16 5146 3
16 5147 3
16 5148 1
-1 5149 3
16 5150 2
-1 5151 3
-1 5152 1
16 5154 3
-1 5155 3
-1 5157 3
16 5158 3
-1 5159 1
-1 5160 3
-1 5162 3
-1 5165 3
-1 5167 3
-1 5168 3
16 5169 3
16 5170 3
16 5171 1
-1 5172 3
16 5173 2
16 5174 1
16 5175 1
16 5176 3
16 5177 3
16 5178 3
16 5179 1
16 5180 3
16 5181 3
-1 5182 3
16 5183 3
-1 5184 0
-1 5186 3
16 5187 1
-1 5188 0
-1 5189 3
-1 5190 0
-1 5191 3
16 5193 3
-1 5194 3
-1 5195 3
15 5196 0
-1 5197 3
-1 5198 3
-1 5199 3
-1 5202 1
-1 5203 3
-1 5204 2
16 5205 3
16 5206 3
-1 5207 2
-1 5208 3
-1 5209 2
16 5210 3
16 5211 3
16 5212 3
-1 5213 2
-1 5214 2
-1 5215 3
-1 5216 3
-1 5217 3
-1 5218 1
16 5219 1
-1 5220 3
-1 5221 3
-1 5222 3
-1 5223 3
16 5224 3
-1 5225 3
16 5227 3
-1 5228 1
-1 5229 3
-1 5230 3
-1 5231 1
-1 5232 3
-1 5233 1
-1 5234 3
-1 5235 3
-1 5236 3
-1 5237 3
-1 5238 3
-1 5239 0
16 5240 0
16 5241 1
-1 5242 3
-1 5243 3
-1 5244 3
16 5245 3
-1 5246 2
16 5247 2
-1 5250 3
-1 5251 3
-1 5252 2
-1 5255 3
-1 5256 3
-1 5258 3
-1 5259 2
-1 5260 0
-1 5261 2
-1 5262 3
-1 5263 3
-1 5264 3
13 5265 1
-1 5266 3
-1 5267 3
16 5268 3
-1 5269 0
-1 5270 3
-1 5271 3
-1 5272 3
-1 5273 3
16 5274 1
16 5275 1
-1 5276 3
-1 5277 3
16 5278 3
16 5279 3
16 5280 1
-1 5281 3
-1 5282 3
-1 5283 2
-1 5284 3
-1 5286 3
-1 5287 2
-1 5288 3
16 5289 3
-1 5290 0
16 5291 1
16 5292 1
16 5293 3
-1 5294 1
-1 5295 1
16 5296 3
-1 5297 3
-1 5298 3
16 5299 3
-1 5300 3
16 5301 3
-1 5302 1
16 5303 3
-1 5304 3
-1 5305 3
-1 5306 3
16 5307 1
16 5308 1
15 5309 3
16 5310 3
16 5311 3
-1 5312 3
16 5313 3
-1 5314 2
-1 5315 3
-1 5316 3
-1 5317 3
-1 5318 3
16 5319 3
-1 5320 2
16 5321 3
16 5323 3
-1 5324 3
16 5325 3
16 5326 3
-1 5327 3
16 5328 3
-1 5329 3
-1 5330 3
-1 5331 2
-1 5332 3
-1 5333 3
-1 5334 3
16 5335 3
-1 5336 3
16 5337 0
-1 5338 3
-1 5339 3
-1 5340 3
-1 5341 3
16 5342 1
-1 5343 3
-1 5344 0
-1 5345 3
-1 5346 3
-1 5347 2
-1 5348 3
-1 5349 3
-1 5350 3
-1 5351 3
-1 5352 3
16 5354 1
16 5356 2
-1 5357 3
-1 5358 3
-1 5359 3
16 5360 3
-1 5361 3
-1 5362 3
16 5363 3
-1 5364 3
16 5365 3
-1 5366 3
16 5367 3
-1 5368 3
16 5369 3
-1 5370 3
-1 5371 3
-1 5372 3
16 5373 3
13 5374 3
-1 5375 1
-1 5376 1
-1 5377 3
16 5379 3
-1 5380 3
-1 5381 1
15 5382 2
-1 5383 2
-1 5385 0
-1 5386 3
16 5387 3
-1 5388 1
-1 5389 3
13 5390 0
16 5392 3
16 5393 2
-1 5394 3
-1 5395 3
16 5397 3
16 5399 3
-1 5400 3
-1 5401 2
-1 5402 3
-1 5403 3
-1 5405 3
-1 5406 3
-1 5407 3
-1 5408 3
-1 5409 3
-1 5410 2
16 5411 3
-1 5412 3
15 5413 3
-1 5414 3
-1 5415 3
-1 5416 3
-1 5417 3
-1 5418 3
-1 5419 3
-1 5421 3
-1 5422 3
-1 5423 3
16 5424 2
-1 5426 2
16 5428 3
-1 5429 3
-1 5430 3
-1 5431 3
-1 5432 3
-1 5433 3
16 5434 0
-1 5435 3
16 5436 1
-1 5437 3
-1 5439 3
-1 5440 1
16 5441 3
-1 5442 3
-1 5443 3
-1 5444 3
-1 5445 3
-1 5446 3
-1 5447 3
-1 5448 3
16 5449 3
13 5450 2
-1 5451 3
-1 5452 3
16 5453 1
-1 5454 3
16 5455 3
-1 5456 3
-1 5457 3
16 5458 1
-1 5459 3
16 5460 3
-1 5461 3
16 5462 1
-1 5463 3
16 5464 1
16 5465 3
-1 5467 3
-1 5468 3
-1 5469 3
13 5470 3
-1 5471 3
15 5472 3
-1 5474 3
-1 5476 1
-1 5477 3
-1 5478 3
-1 5479 3
-1 5480 3
-1 5481 3
-1 5482 3
16 5483 2
16 5484 2
16 5485 3
-1 5486 3
-1 5488 3
-1 5489 3
-1 5491 3
-1 5492 3
-1 5493 3
16 5494 3
-1 5495 2
-1 5496 1
-1 5497 3
16 5498 3
-1 5499 3
-1 5500 2
-1 5501 1
-1 5502 3
-1 5503 3
-1 5504 3
-1 5505 3
16 5506 3
16 5507 1
16 5508 3
16 5510 3
-1 5511 3
-1 5512 3
-1 5513 3
-1 5514 1
-1 5515 3
-1 5516 3
-1 5517 1
16 5518 3
-1 5519 3
-1 5520 3
16 5521 3
-1 5522 3
-1 5523 1
-1 5524 3
-1 5525 3
-1 5526 3
-1 5527 3
-1 5528 0
-1 5529 3
-1 5530 3
-1 5531 3
-1 5532 2
-1 5533 3
-1 5534 3
-1 5535 2
-1 5536 3
-1 5537 2
16 5538 3
16 5539 3
-1 5540 3
-1 5541 3
-1 5542 3
16 5543 3
16 5544 3
-1 5545 3
-1 5546 1
16 5547 1
-1 5548 3
-1 5549 3
-1 5550 3
16 5551 0
-1 5552 3
16 5553 3
-1 5554 3
-1 5555 3
-1 5556 3
-1 5557 3
16 5558 3
-1 5559 1
16 5560 3
-1 5561 3
-1 5562 3
-1 5563 3
-1 5564 3
16 5565 3
-1 5566 3
16 5567 3
16 5568 3
-1 5569 3
-1 5570 3
16 5571 3
-1 5572 3
-1 5573 3
-1 5574 3
16 5575 3
-1 5576 3
16 5577 3
-1 5579 3
-1 5580 3
-1 5582 3
-1 5583 3
-1 5585 3
-1 5586 3
-1 5587 3
16 5588 3
-1 5589 0
16 5590 3
-1 5591 0
16 5592 3
-1 5593 2
-1 5594 1
-1 5595 3
-1 5596 3
-1 5597 1
-1 5598 1
-1 5599 2
-1 5600 3
-1 5601 3
-1 5602 0
-1 5603 3
-1 5604 3
-1 5605 3
-1 5606 3
-1 5607 3
-1 5608 3
16 5609 3
16 5610 3
-1 5611 1
13 5612 3
-1 5613 3
-1 5614 3
16 5615 0
-1 5616 3
-1 5617 3
-1 5618 1
-1 5619 3
-1 5620 3
-1 5621 3
16 5622 3
16 5623 1
-1 5624 3
16 5626 3
-1 5627 3
-1 5628 3
-1 5629 3
-1 5630 0
16 5631 3
16 5632 3
16 5633 3
-1 5634 1
-1 5635 2
-1 5636 3
-1 5637 3
-1 5638 3
-1 5639 3
-1 5640 3
-1 5641 1
-1 5642 3
16 5643 3
-1 5644 0
-1 5646 2
16 5647 3
-1 5648 3
16 5649 3
16 5650 1
-1 5651 3
16 5653 3
-1 5654 3
16 5655 3
-1 5656 3
16 5657 3
16 5658 3
-1 5659 3
16 5660 3
-1 5661 3
15 5662 3
-1 5663 3
-1 5664 3
-1 5665 3
-1 5666 3
-1 5667 3
-1 5669 3
-1 5670 3
-1 5671 3
-1 5672 3
-1 5673 1
-1 5675 3
-1 5676 3
-1 5677 0
-1 5678 1
-1 5680 0
-1 5681 3
16 5682 3
-1 5684 3
16 5685 3
-1 5686 3
-1 5688 3
-1 5689 3
-1 5690 3
16 5691 2
16 5692 3
13 5693 3
-1 5695 2
16 5696 3
-1 5697 2
16 5698 3
16 5700 2
16 5701 3
16 5702 3
16 5703 1
-1 5704 3
-1 5705 3
-1 5706 1
16 5707 3
-1 5708 3
16 5709 0
-1 5710 3
16 5711 3
-1 5712 3
-1 5713 3
16 5714 2
15 5715 3
-1 5716 3
-1 5717 3
-1 5718 0
-1 5719 1
-1 5721 3
16 5722 1
-1 5723 3
-1 5724 3
-1 5725 3
-1 5726 3
16 5727 3
16 5728 1
15 5729 0
15 5730 2
-1 5731 2
16 5732 3
-1 5733 0
13 5734 3
13 5735 3
16 5736 3
-1 5737 3
16 5738 3
-1 5739 0
-1 5740 3
-1 5741 3
16 5742 3
16 5743 3
16 5744 3
13 5745 3
16 5746 3
-1 5747 3
16 5748 3
16 5749 3
16 5750 3
16 5751 3
-1 5752 3
-1 5753 3
-1 5754 3
13 5755 3
16 5756 1
-1 5757 3
-1 5758 3
16 5759 3
-1 5760 3
-1 5761 3
-1 5762 3
-1 5763 3
-1 5764 3
16 5765 3
-1 5766 3
-1 5767 3
-1 5768 3
-1 5769 3
-1 5770 3
-1 5771 3
16 5772 2
16 5773 3
-1 5774 3
-1 5775 3
16 5776 3
16 5777 1
16 5778 0
16 5779 3
16 5780 3
16 5782 3
15 5783 3
-1 5784 3
16 5785 3
-1 5786 3
-1 5787 3
16 5788 3
16 5790 3
-1 5791 3
-1 5792 3
16 5793 3
-1 5794 3
-1 5795 3
16 5796 3
-1 5797 3
16 5798 1
-1 5799 3
-1 5800 3
-1 5801 3
16 5802 3
-1 5803 3
-1 5804 3
-1 5805 3
16 5806 3
-1 5807 3
16 5808 3
16 5809 3
-1 5810 3
16 5811 1
16 5812 2
-1 5813 2
-1 5814 3
-1 5815 3
16 5816 3
16 5817 2
-1 5818 3
16 5819 3
16 5820 3
-1 5821 3
-1 5822 1
16 5823 3
-1 5824 3
16 5825 3
16 5826 3
-1 5827 3
-1 5828 3
16 5829 3
16 5830 3
-1 5831 3
16 5832 3
16 5833 1
-1 5834 3
-1 5835 3
16 5836 3
16 5837 3
16 5838 3
16 5839 3
16 5840 3
-1 5841 3
16 5842 1
16 5843 0
-1 5844 0
13 5845 3
13 5846 2
16 5847 2
-1 5848 1
15 5849 1
15 5850 2
16 5851 3
-1 5852 3
16 5853 1
-1 5854 3
16 5855 3
-1 5856 3
16 5857 3
16 5858 3
16 5859 3
16 5860 3
16 5861 3
-1 5862 2
16 5863 3
16 5864 1
13 5865 1
16 5866 3
16 5867 3
16 5868 3
16 5870 3
16 5871 3
-1 5872 3
-1 5873 3
-1 5874 3
-1 5875 3
-1 5876 3
-1 5877 3
-1 5878 3
-1 5879 3
-1 5880 3
16 5881 3
-1 5882 3
-1 5883 3
-1 5884 3
-1 5885 3
-1 5886 3
-1 5887 3
16 5888 3
-1 5889 0
16 5890 0
16 5891 3
-1 5892 3
-1 5893 3
16 5894 3
-1 5895 3
-1 5896 3
16 5897 3
-1 5898 3
-1 5899 3
-1 5900 3
-1 5901 3
-1 5902 3
-1 5903 3
16 5904 3
16 5905 3
16 5906 3
-1 5907 3
-1 5908 3
-1 5909 3
16 5910 3
16 5911 3
-1 5912 3
-1 5913 0
16 5913 3
-1 5914 2
-1 5914 3
-1 5915 3
-1 5916 3
-1 5917 3
16 5918 1
-1 5919 3
-1 5920 0
-1 5920 3
-1 5921 3
-1 5922 3
-1 5923 3
-1 5924 3
-1 5925 1
-1 5925 2
-1 5926 0
-1 5926 3
-1 5927 2
-1 5927 3
-1 5928 3
-1 5929 2
16 5929 3
-1 5930 3
-1 5931 3
-1 5932 3
-1 5933 0
16 5933 3
-1 5934 2
-1 5934 3
-1 5935 2
-1 5935 3
-1 5936 2
-1 5936 3
-1 5937 0
-1 5937 3
16 5938 2
-1 5938 3
-1 5939 3
-1 5940 0
-1 5940 3
-1 5941 3
16 5942 3
-1 5943 0
16 5943 3
-1 5944 2
-1 5944 3
-1 5945 0
-1 5945 3
16 5946 3
-1 5947 0
-1 5947 1
16 5948 0
-1 5948 3
-1 5949 0
-1 5949 3
-1 5950 0
-1 5950 3
13 5951 1
15 5952 3
15 5953 3
-1 5954 0
-1 5954 3
-1 5955 2
-1 5955 3
-1 5956 0
16 5956 3
-1 5957 2
-1 5957 3
-1 5958 0
-1 5958 3
16 5959 0
-1 5959 3
-1 5960 2
-1 5960 3
-1 5961 3
-1 5962 0
16 5962 3
-1 5963 0
-1 5963 2
-1 5964 2
-1 5964 3
-1 5965 3
-1 5966 1
-1 5966 2
-1 5967 2
-1 5967 3
-1 5968 2
-1 5968 3
-1 5969 1
-1 5969 3
-1 5970 2
16 5970 3
-1 5971 3
-1 5972 2
-1 5972 3
-1 5973 1
-1 5973 2
-1 5974 1
-1 5975 3
16 5976 2
-1 5976 3
16 5977 3
-1 5978 2
-1 5978 3
-1 5979 2
16 5979 3
-1 5980 1
-1 5980 2
-1 5981 3
16 5982 0
-1 5982 3
-1 5983 2
16 5983 3
-1 5984 3
-1 5985 2
-1 5985 3
-1 5986 1
-1 5986 2
-1 5987 2
16 5987 3
-1 5988 0
-1 5988 3
-1 5989 0
-1 5989 3
16 5990 2
-1 5990 3
-1 5991 2
-1 5991 3
-1 5992 2
-1 5992 3
-1 5993 2
-1 5993 3
-1 5994 2
-1 5995 2
16 5995 3
-1 5996 3
-1 5997 3
-1 5998 2
-1 5998 3
16 5999 0
-1 5999 3
-1 6000 3
-1 6001 2
16 6001 3
-1 6002 0
16 6002 3
-1 6003 0
-1 6003 3
-1 6004 1
-1 6004 2
-1 6005 0
-1 6005 3
-1 6006 1
-1 6006 2
-1 6007 0
16 6007 3
-1 6008 0
-1 6008 3
-1 6009 3
-1 6010 2
-1 6010 3
-1 6011 3
-1 6012 1
-1 6012 2
-1 6013 2
-1 6013 3
-1 6014 2
15 6014 3
-1 6015 2
16 6015 3
-1 6016 0
-1 6016 3
-1 6017 2
16 6017 3
-1 6018 2
-1 6018 3
-1 6019 0
-1 6019 3
-1 6020 0
-1 6020 3
-1 6021 0
-1 6021 1
-1 6022 2
16 6022 3
-1 6023 0
-1 6023 3
-1 6024 2
-1 6024 3
-1 6025 2
-1 6025 3
-1 6026 0
16 6027 3
16 6028 0
-1 6028 3
-1 6029 2
-1 6029 3
-1 6030 2
16 6030 3
16 6031 2
-1 6031 3
-1 6032 2
16 6032 3
-1 6033 2
-1 6033 3
-1 6034 2
-1 6034 3
-1 6035 1
-1 6035 2
-1 6036 0
16 6036 3
-1 6037 0
-1 6037 3
-1 6038 1
-1 6038 3
-1 6039 0
16 6039 3
-1 6040 0
-1 6040 3
16 6041 2
-1 6041 3
-1 6042 2
-1 6042 3
-1 6043 0
-1 6043 3
-1 6044 2
-1 6044 3
16 6045 2
-1 6045 3
16 6046 2
-1 6046 3
-1 6047 1
-1 6047 2
16 6048 2
-1 6048 3
16 6049 0
-1 6049 3
-1 6050 0
-1 6050 3
-1 6051 0
-1 6051 3
-1 6052 0
-1 6052 3
-1 6053 1
-1 6053 2
-1 6054 0
-1 6054 3
-1 6055 0
-1 6055 3
-1 6056 0
-1 6056 3
-1 6057 0
-1 6057 3
-1 6058 1
-1 6058 2
-1 6059 2
-1 6059 3
-1 6060 2
-1 6060 3
-1 6061 2
-1 6061 3
-1 6062 0
-1 6062 3
-1 6063 2
-1 6063 3
-1 6064 0
16 6064 3
-1 6065 0
16 6065 3
-1 6066 2
16 6066 3
-1 6067 2
-1 6067 3
-1 6068 0
16 6068 3
-1 6069 1
-1 6069 3
-1 6070 0
-1 6070 3
-1 6071 0
-1 6071 3
-1 6072 2
-1 6072 3
-1 6073 2
-1 6073 3
-1 6074 0
-1 6074 3
-1 6075 0
-1 6075 2
-1 6076 0
-1 6076 3
-1 6077 2
-1 6077 3
-1 6078 2
-1 6078 3
16 6079 0
-1 6079 3
16 6080 0
-1 6080 3
16 6081 0
-1 6081 3
-1 6082 2
-1 6082 3
-1 6083 3
16 6084 2
-1 6084 3
16 6085 0
-1 6085 3
16 6086 2
-1 6086 3
-1 6087 2
-1 6087 3
13 6088 1
-1 6089 0
-1 6089 3
16 6090 0
-1 6090 3
-1 6091 2
-1 6091 3
-1 6092 2
16 6092 3
16 6093 2
-1 6093 3
-1 6094 2
16 6094 3
-1 6095 2
-1 6095 3
-1 6096 2
-1 6096 3
-1 6097 2
16 6097 3
-1 6098 3
16 6099 2
-1 6099 3
16 6100 0
-1 6100 3
-1 6101 2
-1 6101 3
-1 6102 0
-1 6102 3
-1 6103 0
-1 6103 3
-1 6104 1
-1 6104 2
-1 6105 0
-1 6105 3
-1 6106 0
-1 6106 3
-1 6107 0
-1 6107 3
-1 6108 2
-1 6108 3
16 6109 2
-1 6109 3
-1 6110 0
-1 6110 1
-1 6111 2
-1 6111 3
16 6112 2
-1 6112 3
-1 6113 2
-1 6113 3
16 6114 0
-1 6114 3
-1 6115 2
-1 6115 3
-1 6116 2
16 6116 3
16 6117 2
13 6117 3
-1 6118 0
13 6118 3
15 6119 0
-1 6119 3
15 6120 0
16 6120 3
-1 6121 2
16 6121 3
-1 6122 2
16 6122 3
-1 6123 2
-1 6123 3
16 6124 0
-1 6124 3
-1 6125 2
-1 6125 3
-1 6126 0
13 6126 3
-1 6127 0
-1 6127 3
16 6128 0
-1 6128 3
16 6129 2
-1 6129 3
-1 6130 2
16 6130 3
16 6131 2
-1 6131 3
16 6132 2
-1 6132 3
16 6133 2
-1 6133 3
-1 6134 0
-1 6134 3
-1 6135 1
-1 6135 2
-1 6136 0
16 6136 3
-1 6137 2
-1 6137 3
-1 6138 2
-1 6138 3
-1 6139 0
-1 6139 3
-1 6140 2
16 6140 3
-1 6141 0
-1 6141 3
16 6142 2
-1 6142 3
16 6143 2
-1 6143 3
-1 6144 0
-1 6144 3
-1 6145 2
16 6145 3
16 6146 0
-1 6146 3
16 6147 0
-1 6147 3
-1 6148 2
16 6148 3
16 6149 2
-1 6149 3
-1 6150 0
-1 6150 3
-1 6151 0
-1 6151 3
-1 6152 2
-1 6152 3
-1 6153 2
16 6153 3
16 6154 0
-1 6154 3
16 6155 2
-1 6155 3
-1 6156 2
-1 6156 3
-1 6157 0
16 6157 3
-1 6158 2
16 6158 3
-1 6159 2
-1 6159 3
-1 6160 2
-1 6160 3
-1 6161 2
16 6161 3
16 6162 0
-1 6162 3
-1 6163 0
-1 6163 3
-1 6164 0
-1 6164 3
16 6165 0
-1 6165 3
-1 6166 1
-1 6167 2
-1 6167 3
-1 6168 2
-1 6168 3
16 6169 0
-1 6169 3
-1 6170 2
16 6170 3
-1 6171 3
-1 6172 2
16 6172 3
-1 6173 0
-1 6174 2
16 6174 3
16 6175 0
-1 6175 3
-1 6176 2
16 6176 3
16 6177 0
-1 6177 3
-1 6178 2
16 6178 3
16 6179 2
-1 6179 3
-1 6180 2
-1 6180 3
-1 6181 1
-1 6181 3
16 6182 0
-1 6182 3
-1 6183 0
16 6183 3
-1 6184 2
-1 6184 3
-1 6185 1
-1 6185 2
16 6186 2
-1 6186 3
-1 6187 0
-1 6187 3
-1 6188 2
-1 6188 3
-1 6189 1
-1 6189 3
-1 6190 0
16 6190 3
16 6191 2
-1 6191 3
16 6192 0
-1 6192 3
-1 6193 2
16 6193 3
-1 6194 2
-1 6194 3
-1 6195 0
-1 6195 3
-1 6196 2
16 6196 3
16 6197 2
-1 6197 3
-1 6198 2
-1 6198 3
-1 6199 2
-1 6199 3
-1 6200 2
-1 6200 3
-1 6201 2
-1 6201 3
-1 6202 2
-1 6202 3
-1 6203 0
-1 6203 3
-1 6204 0
-1 6204 3
-1 6205 0
-1 6205 3
-1 6206 0
-1 6206 3
-1 6207 2
-1 6207 3
-1 6208 2
-1 6208 3
-1 6209 2
-1 6209 3
-1 6210 0
-1 6210 3
-1 6211 2
-1 6211 3
16 6212 0
-1 6212 3
-1 6213 0
16 6213 3
16 6214 0
-1 6214 3
-1 6215 2
-1 6215 3
-1 6216 2
-1 6216 3
-1 6217 2
-1 6217 3
-1 6218 2
-1 6218 3
-1 6219 1
-1 6219 2
-1 6220 2
-1 6220 3
-1 6221 0
-1 6221 3
-1 6222 2
16 6222 3
-1 6223 0
16 6223 3
-1 6224 2
-1 6224 3
16 6225 2
-1 6225 3
16 6226 0
-1 6226 3
-1 6227 2
-1 6227 3
-1 6228 1
-1 6228 2
-1 6229 2
-1 6229 3
-1 6230 2
16 6230 3
-1 6231 3
-1 6232 0
16 6232 3
-1 6233 0
16 6233 3
-1 6234 2
-1 6234 3
-1 6235 2
-1 6235 3
-1 6236 1
-1 6236 2
-1 6237 0
16 6237 3
-1 6238 2
16 6238 3
16 6239 2
-1 6239 3
-1 6240 2
16 6240 3
16 6241 0
-1 6241 3
-1 6242 2
-1 6242 3
16 6243 2
-1 6243 3
16 6244 0
-1 6244 3
-1 6245 0
16 6245 3
-1 6246 0
-1 6246 3
-1 6255 1
-1 6255 2
-1 6256 2
15 6256 3
-1 6257 0
16 6257 3
-1 6258 1
-1 6258 3
-1 6259 2
-1 6259 3
16 6260 0
-1 6260 3
16 6261 2
-1 6261 3
-1 6262 0
-1 6262 3
-1 6263 1
-1 6263 2
-1 6264 0
-1 6264 3
16 6265 0
-1 6265 3
-1 6266 0
16 6266 3
-1 6267 0
16 6267 3
-1 6268 2
-1 6268 3
-1 6269 0
-1 6269 3
16 6270 2
-1 6270 3
-1 6271 1
-1 6271 2
-1 6272 2
-1 6272 3
-1 6273 2
-1 6273 3
16 6274 2
-1 6274 3
-1 6275 0
-1 6275 3
-1 6276 2
16 6276 3
16 6277 2
-1 6277 3
-1 6278 0
-1 6278 3
16 6279 2
-1 6279 3
-1 6280 2
-1 6280 3
-1 6281 1
-1 6281 2
-1 6282 0
16 6282 3
-1 6283 2
-1 6283 3
16 6284 3
16 6285 2
-1 6285 3
-1 6286 1
-1 6286 3
16 6287 0
-1 6287 3
-1 6288 2
16 6288 3
-1 6289 2
-1 6289 3
16 6290 0
-1 6290 3
-1 6291 0
16 6291 3
-1 6292 0
16 6292 3
-1 6293 2
-1 6293 3
16 6294 2
-1 6294 3
-1 6295 0
-1 6295 3
-1 6296 2
16 6296 3
16 6297 0
-1 6297 3
16 6298 2
-1 6298 3
-1 6299 2
16 6299 3
-1 6300 0
-1 6300 3
-1 6301 0
16 6301 3
-1 6302 0
16 6302 3
16 6303 2
-1 6303 3
13 6304 0
-1 6304 3
16 6305 0
-1 6305 3
-1 6306 0
-1 6306 3
15 6307 0
-1 6307 3
-1 6308 0
16 6308 3
16 6309 0
-1 6309 3
-1 6310 2
16 6310 3
-1 6311 2
16 6311 3
-1 6312 0
16 6312 3
-1 6313 0
16 6313 3
16 6314 3
-1 6315 2
16 6315 3
-1 6316 0
-1 6316 3
-1 6317 0
16 6317 3
-1 6318 2
-1 6318 3
-1 6319 2
16 6319 3
16 6320 0
-1 6320 3
-1 6321 0
-1 6321 3
-1 6322 2
16 6322 3
-1 6323 2
-1 6323 3
-1 6324 0
16 6324 3
16 6325 0
-1 6325 3
-1 6326 2
16 6326 3
-1 6327 2
-1 6327 3
-1 6328 2
-1 6328 3
-1 6329 0
13 6329 3
16 6330 0
-1 6330 3
-1 6331 0
16 6331 3
-1 6332 2
13 6332 3
-1 6333 3
-1 6334 2
16 6334 3
-1 6335 0
16 6335 3
16 6336 0
-1 6336 3
-1 6337 2
16 6337 3
15 6338 2
-1 6338 3
16 6339 0
-1 6339 3
-1 6340 0
16 6340 3
16 6341 0
-1 6341 3
16 6342 0
-1 6342 3
-1 6343 2
16 6343 3
16 6344 2
-1 6344 3
-1 6345 2
16 6345 3
16 6346 0
-1 6346 3
16 6347 0
-1 6347 3
16 6348 2
-1 6348 3
16 6349 2
-1 6349 3
16 6350 2
-1 6350 3
16 6351 2
-1 6351 3
-1 6352 2
-1 6352 3
-1 6353 0
16 6353 3
16 6354 0
-1 6354 3
-1 6355 2
16 6355 3
-1 6356 0
16 6356 3
-1 6357 2
16 6357 3
16 6358 2
-1 6358 3
13 6359 2
-1 6359 3
-1 6360 0
16 6360 3
16 6361 0
-1 6361 3
13 6362 2
-1 6362 3
-1 6363 2
16 6363 3
-1 6364 2
16 6364 3
16 6365 0
-1 6365 3
-1 6366 2
16 6366 3
15 6367 2
-1 6367 3
16 6368 0
-1 6368 3
16 6369 0
-1 6369 3
16 6370 0
-1 6370 3
16 6371 0
-1 6371 3
13 6372 2
-1 6372 3
-1 6373 1
-1 6373 3
-1 6374 0
15 6374 3
-1 6375 2
15 6375 3
-1 6376 2
16 6376 3
16 6377 0
-1 6377 3
16 6378 2
-1 6378 3
-1 6379 0
15 6379 3
-1 6380 0
16 6380 3
-1 6381 0
13 6381 3
15 6382 2
-1 6382 3
-1 6383 2
15 6383 3
-1 6384 0
-1 6384 3
-1 6385 2
-1 6385 3
-1 6386 2
13 6386 3
13 6387 0
-1 6387 3
15 6388 0
-1 6388 3
13 6389 2
16 6389 3
16 6390 0
13 6390 3
15 6391 0
16 6391 3
-1 6392 0
15 6392 3
16 6393 0
15 6393 3
13 6394 0
-1 6394 3
-1 6395 0
16 6395 3
-1 6396 0
-1 6396 2
13 6397 2
-1 6397 3
16 6398 0
-1 6398 3
-1 6404 0
-1 6407 0
-1 6409 0
-1 6419 0
-1 6420 0
-1 6423 0
-1 6425 0
-1 6428 2
-1 6430 1
-1 6432 0
-1 6439 0
-1 6440 0
-1 6442 0
-1 6445 0
-1 6446 0
-1 6449 0
-1 6450 0
-1 6453 0
-1 6454 0
-1 6458 0
-1 6464 1
-1 6465 2
-1 6466 1
-1 6470 0
-1 6472 0
-1 6476 1
-1 6480 1
-1 6481 0
16 6488 1
-1 6492 1
-1 6493 0
-1 6494 1
-1 6495 0
-1 6498 0
-1 6499 2
-1 6500 0
-1 6501 1
-1 6502 1
-1 6503 2
-1 6506 1
-1 6507 2
-1 6508 0
16 6509 2
-1 6512 1
-1 6513 2
-1 6517 1
-1 6518 0
-1 6523 1
-1 6524 2
-1 6525 1
-1 6526 2
-1 6531 1
-1 6532 2
-1 6536 0
-1 6538 0
-1 6539 0
-1 6541 1
-1 6542 0
-1 6547 0
-1 6549 1
-1 6553 0
-1 6554 1
-1 6555 0
-1 6556 2
-1 6559 1
-1 6560 0
-1 6561 0
-1 6563 1
-1 6568 0
-1 6572 0
16 6573 1
-1 6574 0
-1 6575 1
16 6585 1
-1 6586 0
16 6587 1
-1 6590 0
-1 6591 1
-1 6593 1
16 6594 2
-1 6595 0
-1 6601 0
16 6602 1
-1 6603 1
16 6604 2
-1 6605 1
16 6606 0
-1 6610 0
16 6611 1
-1 6612 2
-1 6613 0
-1 6614 1
-1 6617 0
-1 6618 2
16 6620 0
-1 6623 1
-1 6627 0
-1 6628 1
-1 6629 0
16 6630 2
-1 6631 1
-1 6632 2
-1 6635 0
16 6636 1
-1 6637 1
-1 6638 2
-1 6641 1
16 6642 0
16 6645 0
-1 6646 1
16 6647 1
-1 6648 2
16 6650 0
-1 6657 0
16 6658 1
-1 6660 0
-1 6663 0
-1 6664 2
15 6667 1
-1 6668 0
-1 6671 1
16 6672 0
-1 6673 1
-1 6674 2
