2143
0 0 0.5
0 0 0
0 1 0.5
0 1 0
20 0 0.5
20 0 0
20 1 0.5
20 1 0
0 0 0.166667
0 0 0.333333
0 0.2 0.5
0 0.4 0.5
0 0.6 0.5
0 0.8 0.5
0 1 0.166667
0 1 0.333333
0 0.2 0
0 0.4 0
0 0.6 0
0 0.8 0
20 0 0.166667
20 0 0.333333
20 0.2 0.5
20 0.4 0.5
20 0.6 0.5
20 0.8 0.5
20 1 0.166667
20 1 0.333333
20 0.2 0
20 0.4 0
20 0.6 0
20 0.8 0
0.2 0 0
0.4 0 0
0.6 0 0
0.8 0 0
1 0 0
1.2 0 0
1.4 0 0
1.6 0 0
1.8 0 0
2 0 0
2.2 0 0
2.4 0 0
2.6 0 0
2.8 0 0
3 0 0
3.2 0 0
3.4 0 0
3.6 0 0
3.8 0 0
4 0 0
4.2 0 0
4.4 0 0
4.6 0 0
4.8 0 0
5 0 0
5.2 0 0
5.4 0 0
5.6 0 0
5.8 0 0
6 0 0
6.2 0 0
6.4 0 0
6.6 0 0
6.8 0 0
7 0 0
7.2 0 0
7.4 0 0
7.6 0 0
7.8 0 0
8 0 0
8.2 0 0
8.4 0 0
8.6 0 0
8.8 0 0
9 0 0
9.2 0 0
9.4 0 0
9.6 0 0
9.8 0 0
10 0 0
10.2 0 0
10.4 0 0
10.6 0 0
10.8 0 0
11 0 0
11.2 0 0
11.4 0 0
11.6 0 0
11.8 0 0
12 0 0
12.2 0 0
12.4 0 0
12.6 0 0
12.8 0 0
13 0 0
13.2 0 0
13.4 0 0
13.6 0 0
13.8 0 0
14 0 0
14.2 0 0
14.4 0 0
14.6 0 0
14.8 0 0
15 0 0
15.2 0 0
15.4 0 0
15.6 0 0
15.8 0 0
16 0 0
16.2 0 0
16.4 0 0
16.6 0 0
16.8 0 0
17 0 0
17.2 0 0
17.4 0 0
17.6 0 0
17.8 0 0
18 0 0
18.2 0 0
18.4 0 0
18.6 0 0
18.8 0 0
19 0 0
19.2 0 0
19.4 0 0
19.6 0 0
19.8 0 0
0.2 0 0.5
0.4 0 0.5
0.6 0 0.5
0.8 0 0.5
1 0 0.5
1.2 0 0.5
1.4 0 0.5
1.6 0 0.5
1.8 0 0.5
2 0 0.5
2.2 0 0.5
2.4 0 0.5
2.6 0 0.5
2.8 0 0.5
3 0 0.5
3.2 0 0.5
3.4 0 0.5
3.6 0 0.5
3.8 0 0.5
4 0 0.5
4.2 0 0.5
4.4 0 0.5
4.6 0 0.5
4.8 0 0.5
5 0 0.5
5.2 0 0.5
5.4 0 0.5
5.6 0 0.5
5.8 0 0.5
6 0 0.5
6.2 0 0.5
6.4 0 0.5
6.6 0 0.5
6.8 0 0.5
7 0 0.5
7.2 0 0.5
7.4 0 0.5
7.6 0 0.5
7.8 0 0.5
8 0 0.5
8.2 0 0.5
8.4 0 0.5
8.6 0 0.5
8.8 0 0.5
9 0 0.5
9.2 0 0.5
9.4 0 0.5
9.6 0 0.5
9.8 0 0.5
10 0 0.5
10.2 0 0.5
10.4 0 0.5
10.6 0 0.5
10.8 0 0.5
11 0 0.5
11.2 0 0.5
11.4 0 0.5
11.6 0 0.5
11.8 0 0.5
12 0 0.5
12.2 0 0.5
12.4 0 0.5
12.6 0 0.5
12.8 0 0.5
13 0 0.5
13.2 0 0.5
13.4 0 0.5
13.6 0 0.5
13.8 0 0.5
14 0 0.5
14.2 0 0.5
14.4 0 0.5
14.6 0 0.5
14.8 0 0.5
15 0 0.5
15.2 0 0.5
15.4 0 0.5
15.6 0 0.5
15.8 0 0.5
16 0 0.5
16.2 0 0.5
16.4 0 0.5
16.6 0 0.5
16.8 0 0.5
17 0 0.5
17.2 0 0.5
17.4 0 0.5
17.6 0 0.5
17.8 0 0.5
18 0 0.5
18.2 0 0.5
18.4 0 0.5
18.6 0 0.5
18.8 0 0.5
19 0 0.5
19.2 0 0.5
19.4 0 0.5
19.6 0 0.5
19.8 0 0.5
0.2 1 0
0.4 1 0
0.6 1 0
0.8 1 0
1 1 0
1.2 1 0
1.4 1 0
1.6 1 0
1.8 1 0
2 1 0
2.2 1 0
2.4 1 0
2.6 1 0
2.8 1 0
3 1 0
3.2 1 0
3.4 1 0
3.6 1 0
3.8 1 0
4 1 0
4.2 1 0
4.4 1 0
4.6 1 0
4.8 1 0
5 1 0
5.2 1 0
5.4 1 0
5.6 1 0
5.8 1 0
6 1 0
6.2 1 0
6.4 1 0
6.6 1 0
6.8 1 0
7 1 0
7.2 1 0
7.4 1 0
7.6 1 0
7.8 1 0
8 1 0
8.2 1 0
8.4 1 0
8.6 1 0
8.8 1 0
9 1 0
9.2 1 0
9.4 1 0
9.6 1 0
9.8 1 0
10 1 0
10.2 1 0
10.4 1 0
10.6 1 0
10.8 1 0
11 1 0
11.2 1 0
11.4 1 0
11.6 1 0
11.8 1 0
12 1 0
12.2 1 0
12.4 1 0
12.6 1 0
12.8 1 0
13 1 0
13.2 1 0
13.4 1 0
13.6 1 0
13.8 1 0
14 1 0
14.2 1 0
14.4 1 0
14.6 1 0
14.8 1 0
15 1 0
15.2 1 0
15.4 1 0
15.6 1 0
15.8 1 0
16 1 0
16.2 1 0
16.4 1 0
16.6 1 0
16.8 1 0
17 1 0
17.2 1 0
17.4 1 0
17.6 1 0
17.8 1 0
18 1 0
18.2 1 0
18.4 1 0
18.6 1 0
18.8 1 0
19 1 0
19.2 1 0
19.4 1 0
19.6 1 0
19.8 1 0
0.2 1 0.5
0.4 1 0.5
0.6 1 0.5
0.8 1 0.5
1 1 0.5
1.2 1 0.5
1.4 1 0.5
1.6 1 0.5
1.8 1 0.5
2 1 0.5
2.2 1 0.5
2.4 1 0.5
2.6 1 0.5
2.8 1 0.5
3 1 0.5
3.2 1 0.5
3.4 1 0.5
3.6 1 0.5
3.8 1 0.5
4 1 0.5
4.2 1 0.5
4.4 1 0.5
4.6 1 0.5
4.8 1 0.5
5 1 0.5
5.2 1 0.5
5.4 1 0.5
5.6 1 0.5
5.8 1 0.5
6 1 0.5
6.2 1 0.5
6.4 1 0.5
6.6 1 0.5
6.8 1 0.5
7 1 0.5
7.2 1 0.5
7.4 1 0.5
7.6 1 0.5
7.8 1 0.5
8 1 0.5
8.2 1 0.5
8.4 1 0.5
8.6 1 0.5
8.8 1 0.5
9 1 0.5
9.2 1 0.5
9.4 1 0.5
9.6 1 0.5
9.8 1 0.5
10 1 0.5
10.2 1 0.5
10.4 1 0.5
10.6 1 0.5
10.8 1 0.5
11 1 0.5
11.2 1 0.5
11.4 1 0.5
11.6 1 0.5
11.8 1 0.5
12 1 0.5
12.2 1 0.5
12.4 1 0.5
12.6 1 0.5
12.8 1 0.5
13 1 0.5
13.2 1 0.5
13.4 1 0.5
13.6 1 0.5
13.8 1 0.5
14 1 0.5
14.2 1 0.5
14.4 1 0.5
14.6 1 0.5
14.8 1 0.5
15 1 0.5
15.2 1 0.5
15.4 1 0.5
15.6 1 0.5
15.8 1 0.5
16 1 0.5
16.2 1 0.5
16.4 1 0.5
16.6 1 0.5
16.8 1 0.5
17 1 0.5
17.2 1 0.5
17.4 1 0.5
17.6 1 0.5
17.8 1 0.5
18 1 0.5
18.2 1 0.5
18.4 1 0.5
18.6 1 0.5
18.8 1 0.5
19 1 0.5
19.2 1 0.5
19.4 1 0.5
19.6 1 0.5
19.8 1 0.5
0 0.143749 0.247814
0 0.856251 0.247814
0 0.5 0.352789
0 0.68766 0.333919
0 0.31234 0.333919
0 0.28038 0.140766
0 0.71962 0.140766
0 0.5 0.161919
0 0.868782 0.383013
0 0.873808 0.114763
0 0.131218 0.383013
0 0.126192 0.114763
20 0.143749 0.247814
20 0.856251 0.247814
20 0.5 0.352789
20 0.68766 0.333919
20 0.31234 0.333919
20 0.28038 0.140766
20 0.71962 0.140766
20 0.5 0.161919
20 0.868782 0.383013
20 0.873808 0.114763
20 0.131218 0.383013
20 0.126192 0.114763
19.8563 0 0.252186
0.143749 0 0.252186
13.5 0 0.326795
15.9 0 0.326795
17.0929 0 0.314535
17.7071 0 0.314535
19.0787 0 0.310753
19.5 0 0.173205
14.1 0 0.173205
15.3071 0 0.185465
12.9 0 0.173205
14.695 0 0.187087
8.07865 0 0.310753
10.9 0 0.326795
11.9 0 0.326795
16.3 0 0.326795
16.7 0 0.326795
18.1 0 0.326795
18.5 0 0.326795
9.3 0 0.326795
10.1 0 0.326795
11.4667 0 0.166667
7.7 0 0.326795
4.67865 0 0.310753
6.5 0 0.326795
12.3 0 0.326795
8.50706 0 0.185465
10.5 0 0.326795
4.12135 0 0.189247
5.5 0 0.173205
7.1 0 0.173205
2.09294 0 0.314535
3.3 0 0.173205
2.52135 0 0.189247
6.06667 0 0.166667
1.1 0 0.326795
1.46667 0 0.333333
5.10706 0 0.185465
0.7 0 0.326795
2.9 0 0.326795
3.69294 0 0.314535
8.89294 0 0.185465
9.7 0 0.173205
17.5224 0 0.187496
15.5005 0 0.321183
12.7 0 0.326795
14.3 0 0.326795
13.7 0 0.173205
11.1 0 0.173205
16.8995 0 0.178817
16.5 0 0.173205
12.1 0 0.173205
14.8779 0 0.312736
18.7 0 0.173205
5.7 0 0.326795
6.7 0 0.173205
15.7 0 0.176315
7.5 0 0.173205
18.3 0 0.173205
7.3 0 0.326795
1.89949 0 0.178817
7.89484 0 0.178291
16.1 0 0.173205
0.53539 0 0.165479
0.9 0 0.173205
1.3 0 0.173205
6.9 0 0.326795
8.7 0 0.317548
4.49484 0 0.178291
4.30937 0 0.317553
12.5 0 0.173205
5.30051 0 0.321183
10.7 0 0.173205
13.3 0 0.173205
10.3 0 0.173205
13.9 0 0.326795
17.9005 0 0.178817
13.1 0 0.326795
11.3 0 0.326795
19.3183 0 0.308461
18.9 0 0.173205
11.7 0 0.173205
15.1192 0 0.310496
17.2808 0 0.189537
9.9 0 0.173205
6.3 0 0.173205
8.31931 0 0.310212
3.88069 0 0.189788
2.7 0 0.326795
4.91931 0 0.310212
3.53216 0 0.164623
9.07764 0 0.312504
2.28069 0 0.189788
1.7 0 0.326795
14.4658 0 0.16898
3.06667 0 0.166667
9.52135 0 0.310753
5.92778 0 0.332244
0.31234 0 0.166081
19.6877 0 0.166081
19.7196 0 0.359234
0.28038 0 0.359234
14.5268 0 0.339127
17.4 0 0.321302
5.86574 0 0.1623
19.2 0 0.178698
15 0 0.178698
8.2 0 0.178698
13.5 0 0.134641
15.9 0 0.135263
17.0947 0 0.136578
17.706 0 0.136169
15.7001 0 0.364859
13.7 0 0.365359
19.5269 0 0.33947
12.9 0 0.365359
14.1 0 0.365359
14.7 0 0.363251
15.3054 0 0.363429
9.39415 0 0.192183
13.3 0 0.365359
16.1 0 0.365359
16.8985 0 0.364029
17.9015 0 0.364029
13.1 0 0.134641
13.9 0 0.134641
3.12778 0 0.336428
14.2932 0 0.133796
15.5015 0 0.136593
12.7 0 0.134641
10.9 0 0.134641
11.9 0 0.134641
4.8 0 0.178698
10.1 0 0.134641
11.1 0 0.365359
10.7 0 0.365359
7.8947 0 0.363168
12.1 0 0.365359
7.69897 0 0.135658
11.2933 0 0.133333
10.3 0 0.365359
10.5 0 0.134641
12.3 0 0.134641
8.50527 0 0.362645
11.5278 0 0.336428
7.5 0 0.365359
7.3 0 0.134641
4 0 0.321302
5.5001 0 0.364237
7.1 0 0.365359
5.30152 0 0.135971
6.9 0 0.134641
2.4 0 0.321302
18.5 0 0.134641
16.5 0 0.365359
18.3 0 0.365359
18.7 0 0.370381
3.30556 0 0.372307
16.3 0 0.134641
16.6999 0 0.135763
18.1001 0 0.135763
2.09462 0 0.136628
1.1 0 0.134641
1.52778 0 0.163572
1.70545 0 0.133837
1.29333 0 0.366667
1.89848 0 0.364029
6.5 0 0.134641
0.9 0 0.365359
6.13241 0 0.337336
6.7 0 0.365359
0.707078 0 0.133096
3.70116 0 0.133789
12.5 0 0.365359
2.89333 0 0.128312
5.10538 0 0.363372
4.30511 0 0.137018
0.471352 0 0.336265
5.69315 0 0.13246
8.7 0 0.137696
4.49657 0 0.361319
8.89412 0 0.363103
3.47984 0 0.341576
2.72556 0 0.157927
9.73689 0 0.334844
9.22647 0 0.167265
6.30648 0 0.367467
18.8631 0 0.337924
9.90738 0 0.366969
11.7056 0 0.367286
17.2594 0 0.358882
19.34 0 0.140078
9.06108 0 0.140433
19.0597 0 0.140245
8.05937 0 0.140616
14.8593 0 0.141401
4.14094 0 0.359081
2.25938 0 0.358901
4.94062 0 0.141099
2.54026 0 0.359755
4.65937 0 0.140616
3.85938 0 0.358901
17.5408 0 0.358734
8.34062 0 0.141099
9.536 0 0.139852
15.1406 0 0.14112
19.8688 0 0.116987
0.126192 0 0.385237
19.8738 0 0.385237
0.131218 0 0.116987
19.8563 1 0.252186
0.143749 1 0.252186
13.5 1 0.326795
15.9 1 0.326795
17.0929 1 0.314535
17.7071 1 0.314535
19.0787 1 0.310753
19.5 1 0.173205
14.1 1 0.173205
15.3071 1 0.185465
12.9 1 0.173205
14.695 1 0.187087
8.07865 1 0.310753
10.9 1 0.326795
11.9 1 0.326795
16.3 1 0.326795
16.7 1 0.326795
18.1 1 0.326795
18.5 1 0.326795
9.3 1 0.326795
10.1 1 0.326795
11.4667 1 0.166667
7.7 1 0.326795
4.67865 1 0.310753
12.3 1 0.326795
8.50706 1 0.185465
10.5 1 0.326795
4.12135 1 0.189247
5.5 1 0.173205
6.49294 1 0.185465
7.10706 1 0.185465
2.09294 1 0.314535
3.3 1 0.173205
2.52135 1 0.189247
6.1 1 0.173205
1.1 1 0.326795
1.46667 1 0.333333
5.10706 1 0.185465
0.7 1 0.326795
2.9 1 0.326795
3.69294 1 0.314535
8.89294 1 0.185465
9.7 1 0.173205
17.5224 1 0.187496
15.5005 1 0.321183
12.7 1 0.326795
14.3 1 0.326795
13.7 1 0.173205
11.1 1 0.173205
16.8995 1 0.178817
16.5 1 0.173205
12.1 1 0.173205
14.8779 1 0.312736
18.7 1 0.173205
5.7 1 0.326795
15.7 1 0.176315
6.67764 1 0.312504
7.5 1 0.173205
18.3 1 0.173205
7.30051 1 0.321183
1.89949 1 0.178817
7.89484 1 0.178291
16.1 1 0.173205
0.53539 1 0.165479
0.9 1 0.173205
1.3 1 0.173205
8.7 1 0.317548
4.49484 1 0.178291
6.29949 1 0.321183
4.30937 1 0.317553
12.5 1 0.173205
5.30051 1 0.321183
10.7 1 0.173205
13.3 1 0.173205
10.3 1 0.173205
13.9 1 0.326795
17.9005 1 0.178817
13.1 1 0.326795
11.3 1 0.326795
19.3183 1 0.308461
18.9 1 0.173205
11.7 1 0.173205
15.1192 1 0.310496
17.2808 1 0.189537
9.9 1 0.173205
8.31931 1 0.310212
6.91916 1 0.310463
3.88069 1 0.189788
2.7 1 0.326795
4.91931 1 0.310212
3.53216 1 0.164623
9.07764 1 0.312504
2.28069 1 0.189788
1.7 1 0.326795
14.4658 1 0.16898
3.06667 1 0.166667
9.52135 1 0.310753
5.93333 1 0.333333
0.31234 1 0.166081
19.6877 1 0.166081
19.7196 1 0.359234
0.28038 1 0.359234
14.5268 1 0.339127
17.4 1 0.321302
5.87222 1 0.163572
19.2 1 0.178698
15 1 0.178698
8.2 1 0.178698
13.5 1 0.134641
15.9 1 0.135263
17.0947 1 0.136578
17.706 1 0.136169
15.7001 1 0.364859
13.7 1 0.365359
19.5269 1 0.33947
12.9 1 0.365359
14.1 1 0.365359
14.7 1 0.363251
15.3054 1 0.363429
9.39415 1 0.192183
13.3 1 0.365359
6.8 1 0.178698
16.1 1 0.365359
16.8985 1 0.364029
17.9015 1 0.364029
13.1 1 0.134641
13.9 1 0.134641
3.12778 1 0.336428
14.2932 1 0.133796
15.5015 1 0.136593
12.7 1 0.134641
10.9 1 0.134641
11.9 1 0.134641
4.8 1 0.178698
10.1 1 0.134641
11.1 1 0.365359
10.7 1 0.365359
7.8947 1 0.363168
12.1 1 0.365359
7.69897 1 0.135658
11.2933 1 0.133333
10.3 1 0.365359
10.5 1 0.134641
12.3 1 0.134641
8.50527 1 0.362645
11.5278 1 0.336428
7.5001 1 0.364237
7.30152 1 0.135971
4 1 0.321302
5.5001 1 0.364237
6.49401 1 0.363831
7.10535 1 0.363422
5.30152 1 0.135971
6.29848 1 0.135971
2.4 1 0.321302
18.5 1 0.134641
16.5 1 0.365359
18.3 1 0.365359
18.7 1 0.370381
3.30556 1 0.372307
16.3 1 0.134641
16.6999 1 0.135763
18.1001 1 0.135763
2.09462 1 0.136628
1.1 1 0.134641
1.52778 1 0.163572
1.70545 1 0.133837
1.29333 1 0.366667
1.89848 1 0.364029
0.9 1 0.365359
6.10656 1 0.365544
0.707078 1 0.133096
3.70116 1 0.133789
12.5 1 0.365359
2.89333 1 0.128312
5.10538 1 0.363372
4.30511 1 0.137018
0.471352 1 0.336265
5.69444 1 0.132714
8.7 1 0.137696
4.49657 1 0.361319
8.89412 1 0.363103
3.47984 1 0.341576
2.72556 1 0.157927
9.73689 1 0.334844
9.22647 1 0.167265
18.8631 1 0.337924
9.90738 1 0.366969
11.7056 1 0.367286
17.2594 1 0.358882
19.34 1 0.140078
9.06108 1 0.140433
19.0597 1 0.140245
8.05937 1 0.140616
6.65915 1 0.141266
14.8593 1 0.141401
4.14094 1 0.359081
2.25938 1 0.358901
4.94062 1 0.141099
2.54026 1 0.359755
4.65937 1 0.140616
3.85938 1 0.358901
17.5408 1 0.358734
6.94061 1 0.141118
8.34062 1 0.141099
9.536 1 0.139852
15.1406 1 0.14112
19.8688 1 0.116987
0.126192 1 0.385237
19.8738 1 0.385237
0.131218 1 0.116987
13.5 0.173205 0
15.9 0.173205 0
17.1 0.173205 0
17.7 0.173205 0
19.1 0.173205 0
12.9 0.173205 0
14.7 0.173205 0
14.1 0.173205 0
15.3 0.173205 0
8.1 0.173205 0
10.9 0.173205 0
11.9 0.173205 0
16.5 0.173205 0
18.3 0.173205 0
18.7 0.173205 0
9.3 0.173205 0
10.1 0.173205 0
19.8277 0.498365 0
7.7 0.826795 0
11.3 0.173205 0
8.5 0.173205 0
10.5 0.173205 0
12.3 0.826795 0
4.09468 0.839872 0
5.29468 0.839872 0
6.1 0.173205 0
7.2981 0.835042 0
2.3 0.173205 0
3.3 0.173205 0
6.9 0.173205 0
4.69468 0.839872 0
6.5 0.173205 0
0.162755 0.509668 0
0.9 0.173205 0
1.3 0.173205 0
1.7 0.173205 0
5.7 0.173205 0
2.7 0.173205 0
3.7 0.173205 0
8.9 0.173205 0
9.69468 0.839872 0
19.31 0.826836 0
17.5 0.83007 0
13.7019 0.835042 0
16.1 0.826795 0
16.9027 0.831601 0
14.3053 0.839872 0
15.5053 0.839872 0
12.7019 0.835042 0
13.3 0.826795 0
17.9019 0.835042 0
14.9053 0.839872 0
11.1 0.826795 0
18.9 0.826795 0
10.7 0.826795 0
9.1 0.826795 0
11.6981 0.835042 0
7.5 0.173205 0
6.7 0.826795 0
3.5 0.826795 0
2.0981 0.835042 0
4.9 0.173205 0
1.1 0.826795 0
3.0981 0.835042 0
6.3 0.826795 0
1.5 0.826795 0
8.2981 0.835042 0
0.7 0.826795 0
4.5 0.173205 0
2.5 0.826795 0
10.2981 0.835042 0
18.5 0.826795 0
5.8981 0.835042 0
12.5 0.173205 0
8.7 0.826795 0
16.5 0.826795 0
4.1 0.173205 0
5.3 0.173205 0
9.7 0.173205 0
19.4883 0.166469 0
0.5 0.173205 0
19.7066 0.82843 0
0.313885 0.808098 0
19.2981 0.172082 0
19.1997 0.346223 0
18.9999 0.346379 0
19.1 0.519615 0
19.3159 0.503279 0
18.9 0.519615 0
16.7 0.173205 0
16.6 0.34641 0
16.4 0.34641 0
16.8 0.34641 0
16.7 0.519615 0
16.9019 0.511368 0
16.3 0.173205 0
16.2 0.34641 0
16.3 0.519615 0
16.1 0.519615 0
16.5 0.519615 0
12.7 0.173205 0
12.8 0.34641 0
13 0.34641 0
12.9027 0.518079 0
13.1004 0.516084 0
12.7031 0.514553 0
13.2001 0.345822 0
13.3 0.517733 0
13.0058 0.678899 0
13.4 0.345998 0
13.5 0.517814 0
13.6 0.346041 0
13.7027 0.514448 0
13.8004 0.345487 0
13.9032 0.517064 0
14.0006 0.345831 0
14.1006 0.515819 0
14.006 0.678685 0
14.2002 0.345681 0
14.3028 0.514049 0
14.4005 0.345361 0
14.5032 0.516976 0
14.6006 0.345795 0
14.7006 0.515798 0
14.606 0.678667 0
14.8002 0.345672 0
14.9028 0.514045 0
15.0005 0.345359 0
15.1032 0.516975 0
15.2006 0.345795 0
15.3006 0.515798 0
15.206 0.678667 0
15.4002 0.345671 0
15.5028 0.514044 0
15.6005 0.345359 0
15.7032 0.516975 0
15.8006 0.345795 0
15.5 0.173205 0
14.9 0.173205 0
14.3 0.173205 0
13.7 0.173205 0
15.9006 0.515798 0
15.806 0.678667 0
17.5 0.173205 0
17.6027 0.344874 0
17.8004 0.346154 0
17.4031 0.341348 0
17.7008 0.517437 0
17.9029 0.514404 0
18.0006 0.345499 0
18.1032 0.517058 0
18.2006 0.345832 0
18.3006 0.515818 0
18.206 0.678684 0
18.4002 0.345681 0
18.5 0.517715 0
18.6 0.345972 0
18.7 0.517812 0
18.1002 0.172957 0
16.7002 0.82947 0
18.7 0.826795 0
11.1 0.173205 0
11.2 0.34641 0
11.4 0.34641 0
11.3 0.51634 0
11.4973 0.517533 0
11.1 0.51777 0
11.5996 0.346063 0
11.6968 0.514405 0
11.3942 0.678851 0
11 0.346103 0
10.8 0.346359 0
10.9 0.517818 0
10.7 0.517833 0
10.6 0.346105 0
10.5 0.519615 0
10.4 0.346359 0
10.2973 0.514801 0
10.1996 0.345599 0
10.0968 0.517141 0
9.9994 0.345863 0
9.89937 0.515837 0
9.99404 0.678701 0
9.79979 0.345689 0
9.6972 0.514054 0
9.5995 0.345363 0
9.49679 0.516977 0
9.39938 0.345796 0
9.29936 0.515798 0
9.39404 0.678668 0
9.19979 0.345672 0
9.09996 0.517714 0
8.99996 0.34597 0
8.9 0.517812 0
8.79999 0.346036 0
8.7 0.517819 0
8.6 0.346048 0
8.5 0.519615 0
8.4 0.34635 0
8.29734 0.514799 0
8.19956 0.345597 0
8.09682 0.517141 0
7.9994 0.345862 0
7.89937 0.515837 0
7.79979 0.345689 0
7.69996 0.517717 0
7.99404 0.678701 0
7.59996 0.345974 0
7.5 0.517812 0
7.39999 0.346037 0
7.29734 0.514447 0
7.19955 0.345487 0
7.09682 0.517063 0
6.9994 0.345831 0
6.89937 0.515818 0
6.99404 0.678685 0
6.79979 0.345681 0
6.69996 0.517715 0
6.59996 0.345972 0
6.5 0.517812 0
6.39999 0.346037 0
6.3 0.517819 0
6.2 0.346048 0
6.1 0.519615 0
6 0.34635 0
5.89734 0.514799 0
5.79956 0.345597 0
5.69682 0.517141 0
5.5994 0.345862 0
5.49937 0.515837 0
5.59404 0.678701 0
5.39979 0.345689 0
5.2972 0.514054 0
5.1995 0.345363 0
5.09679 0.516977 0
4.99938 0.345796 0
4.89936 0.515798 0
4.99404 0.678668 0
4.79979 0.345672 0
4.6972 0.514045 0
4.5995 0.345359 0
4.49679 0.516975 0
4.39938 0.345795 0
4.29936 0.515798 0
4.39404 0.678667 0
4.19979 0.345671 0
4.0972 0.514044 0
3.9995 0.345359 0
3.89679 0.516975 0
3.79938 0.345795 0
3.69936 0.515798 0
3.79404 0.678667 0
3.59979 0.345671 0
3.49996 0.517714 0
3.39996 0.34597 0
3.3 0.517812 0
3.19999 0.346036 0
3.09734 0.514447 0
2.99955 0.345486 0
2.89682 0.517063 0
2.7994 0.345831 0
2.69937 0.515818 0
2.79404 0.678685 0
2.59979 0.345681 0
2.49996 0.517715 0
2.39996 0.345972 0
2.3 0.517812 0
2.19999 0.346037 0
2.09734 0.514447 0
1.99955 0.345486 0
1.89682 0.517063 0
1.7994 0.345831 0
1.69937 0.515818 0
1.79404 0.678685 0
1.59979 0.345681 0
1.49996 0.517715 0
1.39996 0.345972 0
1.3 0.517812 0
1.19999 0.346037 0
1.1 0.517819 0
0.999999 0.346048 0
0.9 0.519615 0
0.8 0.34635 0
0.7 0.519615 0
0.6 0.3464 0
0.484785 0.518552 0
0.393763 0.329882 0
0.300335 0.169738 0
7.89987 0.172994 0
7.3 0.173205 0
13.9002 0.172955 0
17.3 0.827341 0
17.4019 0.662292 0
17.203 0.6632 0
2.89983 0.172955 0
12.1 0.173205 0
12 0.34641 0
12.2 0.34641 0
12.1 0.519615 0
12.3 0.519615 0
12.4 0.34641 0
12.5003 0.515849 0
1.89983 0.172955 0
13.1 0.173107 0
13.3 0.173022 0
16.1 0.173205 0
17.0003 0.341761 0
8.7 0.173205 0
12.1 0.826795 0
11.8998 0.830832 0
9.89987 0.172994 0
6.69996 0.17301 0
7.49984 0.830832 0
5.49987 0.172994 0
10.3 0.173205 0
10.7 0.173146 0
17.3005 0.172361 0
6.09984 0.830832 0
3.49996 0.173009 0
14.5002 0.172928 0
3.89981 0.172927 0
6.3 0.173205 0
9.09996 0.173009 0
2.49996 0.17301 0
4.7 0.173205 0
2.29984 0.830832 0
3.29984 0.830832 0
0.7 0.173193 0
0.510989 0.832387 0
0.9 0.826795 0
1.1 0.173205 0
1.49996 0.17301 0
1.3 0.826795 0
5.09981 0.172928 0
4.29986 0.172979 0
16.9001 0.17243 0
19.8307 0.300748 0
19.6797 0.396385 0
19.6512 0.61271 0
8.3 0.173205 0
10.9 0.826795 0
13.5002 0.830832 0
8.9 0.826795 0
18.9 0.1732 0
19.5078 0.823237 0
12.5002 0.830832 0
10.4998 0.830832 0
6.5 0.826795 0
5.9 0.173205 0
8.49984 0.830832 0
2.0999 0.172947 0
9.49981 0.172928 0
3.0999 0.172947 0
17.7002 0.832841 0
18.5 0.173011 0
16.3 0.826795 0
11.4999 0.173147 0
12.3 0.173205 0
17.9002 0.172969 0
19.1017 0.83334 0
12.6 0.34641 0
7.09983 0.172955 0
17.2005 0.340479 0
17.1036 0.830825 0
7.69994 0.172977 0
19.4 0.34641 0
18.8 0.34603 0
11.6999 0.173138 0
11.8 0.34641 0
16.0002 0.345671 0
11.8997 0.515836 0
15.1002 0.172927 0
15.7002 0.172927 0
19.4396 0.64561 0
19.6862 0.182733 0
19.8399 0.698849 0
0.159041 0.695207 0
0.187645 0.31626 0
0.313794 0.612645 0
11.299 0.837543 0
13.101 0.837552 0
17.5014 0.506532 0
17.0019 0.668361 0
12.8023 0.677704 0
11.5977 0.67758 0
18.301 0.837516 0
14.1019 0.839695 0
18.0023 0.677473 0
13.8023 0.677481 0
9.89812 0.839698 0
10.1977 0.677556 0
14.7019 0.839692 0
9.29901 0.837513 0
14.4029 0.678197 0
9.59712 0.678198 0
15.3019 0.839692 0
7.89901 0.837519 0
15.0029 0.678196 0
8.19772 0.677556 0
6.89901 0.837516 0
7.19772 0.677481 0
15.901 0.837513 0
5.49812 0.839698 0
5.79772 0.677556 0
4.89812 0.839692 0
4.29812 0.839692 0
5.19712 0.678198 0
3.69901 0.837513 0
15.6029 0.678196 0
4.59712 0.678196 0
3.99712 0.678196 0
2.69901 0.837516 0
2.99772 0.677481 0
1.69901 0.837516 0
1.99772 0.677481 0
11.7987 0.674483 0
17.3016 0.502303 0
16.8011 0.67227 0
19 0.673205 0
19.2112 0.666981 0
12.2 0.673205 0
17.8014 0.675073 0
16.2 0.673199 0
16.4 0.673204 0
11.9997 0.673461 0
13.4 0.673205 0
12.6013 0.674531 0
16.6002 0.673495 0
10.8 0.673205 0
13.6012 0.674804 0
12.4003 0.673471 0
11 0.673205 0
10.6 0.673205 0
10.3988 0.675175 0
18.8 0.673205 0
18.6 0.673205 0
9 0.673205 0
8.8 0.673205 0
8.6 0.673205 0
8.39883 0.675175 0
7.59997 0.673255 0
7.39883 0.674812 0
6.6 0.673205 0
6.4 0.673205 0
6.2 0.673205 0
5.99883 0.675175 0
3.39997 0.673255 0
3.19883 0.674811 0
2.39997 0.673255 0
2.19883 0.674811 0
1.4 0.673205 0
1.2 0.673205 0
1 0.673205 0
0.8 0.673205 0
0.60797 0.67613 0
11.4982 0.838169 0
17.6 0.673239 0
17.1015 0.504579 0
13.902 0.838484 0
18.1019 0.838119 0
12.9018 0.838199 0
11.2 0.673171 0
13.2 0.673171 0
16 0.673171 0
10.098 0.8385 0
14.5027 0.839405 0
9.49747 0.839042 0
14.2032 0.67772 0
18.4 0.673171 0
9.79675 0.677727 0
9.2 0.673171 0
15.1027 0.839404 0
14.8032 0.677712 0
8.09814 0.838136 0
7.8 0.673171 0
7.09814 0.838121 0
15.7025 0.839041 0
6.8 0.673171 0
15.4032 0.677712 0
5.698 0.838499 0
5.09732 0.839405 0
5.39675 0.677727 0
4.49732 0.839404 0
4.79675 0.677712 0
3.89747 0.839041 0
4.19675 0.677712 0
2.89814 0.838121 0
3.6 0.673171 0
1.89814 0.838121 0
2.6 0.673171 0
1.6 0.673171 0
19.8536 0.85359 0
0.14641 0.85359 0
19.8536 0.14641 0
0.14641 0.14641 0
19.5044 0.469342 0
0.450547 0.687093 0
19.5429 0.311814 0
0.31025 0.458123 0
13.5 0.173205 0.5
15.9 0.173205 0.5
17.1 0.173205 0.5
17.7 0.173205 0.5
19.1 0.173205 0.5
12.9 0.173205 0.5
14.7 0.173205 0.5
14.1 0.173205 0.5
15.3 0.173205 0.5
8.09734 0.168399 0.5
10.9019 0.164958 0.5
11.9027 0.171669 0.5
16.5 0.173205 0.5
18.3 0.173205 0.5
18.7 0.173205 0.5
9.3 0.173205 0.5
10.1 0.173205 0.5
19.8277 0.498365 0.5
7.70266 0.831601 0.5
8.5 0.173205 0.5
10.5 0.173205 0.5
11.3 0.826795 0.5
12.2981 0.835042 0.5
4.09468 0.839872 0.5
5.2981 0.835042 0.5
6.1 0.826795 0.5
6.7 0.836608 0.5
7.3 0.826795 0.5
2.3 0.173205 0.5
3.3 0.173205 0.5
4.69468 0.839872 0.5
0.9 0.173205 0.5
1.3 0.173205 0.5
1.7 0.173205 0.5
5.7 0.163392 0.5
0.162755 0.509668 0.5
2.7 0.173205 0.5
3.7 0.173205 0.5
8.9 0.826795 0.5
9.7 0.173205 0.5
19.31 0.826836 0.5
17.5 0.83007 0.5
13.7019 0.835042 0.5
16.1 0.826795 0.5
16.9027 0.831601 0.5
14.3053 0.839872 0.5
15.5053 0.839872 0.5
12.7019 0.835042 0.5
13.3 0.826795 0.5
17.9019 0.835042 0.5
14.9053 0.839872 0.5
18.9 0.826795 0.5
10.7 0.826795 0.5
11.7 0.826795 0.5
6.29734 0.164928 0.5
7.5 0.173205 0.5
6.9 0.173205 0.5
3.5 0.826795 0.5
2.0981 0.835042 0.5
4.9 0.173205 0.5
9.9 0.826795 0.5
1.1 0.826795 0.5
3.0981 0.835042 0.5
1.5 0.826795 0.5
8.3 0.826795 0.5
0.7 0.826795 0.5
4.5 0.173205 0.5
2.5 0.826795 0.5
10.3 0.826795 0.5
18.5 0.826795 0.5
12.5 0.173205 0.5
9.5 0.826795 0.5
11.5 0.173205 0.5
16.5 0.826795 0.5
4.1 0.173205 0.5
5.3 0.173205 0.5
5.70266 0.828331 0.5
8.9 0.173205 0.5
19.4883 0.166469 0.5
0.5 0.173205 0.5
19.7066 0.82843 0.5
0.313885 0.808098 0.5
19.2981 0.172082 0.5
19.1997 0.346223 0.5
18.9999 0.346379 0.5
19.1 0.519615 0.5
19.3159 0.503279 0.5
18.9 0.519615 0.5
16.7 0.173205 0.5
16.6 0.34641 0.5
16.4 0.34641 0.5
16.8 0.34641 0.5
16.7 0.519615 0.5
16.9019 0.511368 0.5
16.3 0.173205 0.5
16.2 0.34641 0.5
16.3 0.519615 0.5
16.1 0.519615 0.5
16.5 0.519615 0.5
12.7 0.173205 0.5
12.8 0.34641 0.5
13 0.34641 0.5
12.9027 0.518079 0.5
13.1004 0.516084 0.5
12.7031 0.514553 0.5
13.2001 0.345822 0.5
13.3 0.517733 0.5
13.0058 0.678899 0.5
13.4 0.345998 0.5
13.5 0.517814 0.5
13.6 0.346041 0.5
13.7027 0.514448 0.5
13.8004 0.345487 0.5
13.9032 0.517064 0.5
14.0006 0.345831 0.5
14.1006 0.515819 0.5
14.006 0.678685 0.5
14.2002 0.345681 0.5
14.3028 0.514049 0.5
14.4005 0.345361 0.5
14.5032 0.516976 0.5
14.6006 0.345795 0.5
14.7006 0.515798 0.5
14.606 0.678667 0.5
14.8002 0.345672 0.5
14.9028 0.514045 0.5
15.0005 0.345359 0.5
15.1032 0.516975 0.5
15.2006 0.345795 0.5
15.3006 0.515798 0.5
15.206 0.678667 0.5
15.4002 0.345671 0.5
15.5028 0.514044 0.5
15.6005 0.345359 0.5
15.7032 0.516975 0.5
15.8006 0.345795 0.5
15.5 0.173205 0.5
14.9 0.173205 0.5
14.3 0.173205 0.5
13.7 0.173205 0.5
15.9006 0.515798 0.5
15.806 0.678667 0.5
17.5 0.173205 0.5
17.6027 0.344874 0.5
17.8004 0.346154 0.5
17.4031 0.341348 0.5
17.7008 0.517437 0.5
17.9029 0.514404 0.5
18.0006 0.345499 0.5
18.1032 0.517058 0.5
18.2006 0.345832 0.5
18.3006 0.515818 0.5
18.206 0.678684 0.5
18.4002 0.345681 0.5
18.5 0.517715 0.5
18.6 0.345972 0.5
18.7 0.517812 0.5
18.1002 0.172957 0.5
16.7002 0.82947 0.5
18.7 0.826795 0.5
11.1 0.826795 0.5
11.2 0.65359 0.5
11 0.65359 0.5
11.4 0.65359 0.5
11.1027 0.481921 0.5
10.9031 0.485447 0.5
11.3004 0.483916 0.5
11.5 0.482241 0.5
11.2058 0.321101 0.5
13.9002 0.172955 0.5
8.1 0.826795 0.5
8.2 0.65359 0.5
8.4 0.65359 0.5
8.00267 0.658401 0.5
8.3 0.480385 0.5
8.5 0.480385 0.5
8.6 0.65359 0.5
8.7 0.480385 0.5
8.8 0.65359 0.5
8.9 0.480385 0.5
9 0.65359 0.5
9.1 0.480385 0.5
9.2 0.65359 0.5
9.3 0.480385 0.5
9.4 0.65359 0.5
9.5 0.480385 0.5
9.6 0.65359 0.5
9.7 0.480385 0.5
9.8 0.65359 0.5
9.9 0.480385 0.5
10 0.65359 0.5
10.1 0.480385 0.5
10.2 0.65359 0.5
10.3 0.480385 0.5
10.4 0.65359 0.5
10.5 0.480385 0.5
10.6 0.65359 0.5
9.1 0.826795 0.5
10.7003 0.484151 0.5
17.3 0.827341 0.5
17.4019 0.662292 0.5
17.203 0.6632 0.5
12.1004 0.172949 0.5
12.0032 0.344575 0.5
12.2006 0.346062 0.5
12.098 0.517715 0.5
11.9002 0.505916 0.5
12.2971 0.514435 0.5
11.9917 0.675417 0.5
12.3996 0.345489 0.5
12.5 0.511216 0.5
11.7031 0.168143 0.5
11.5973 0.655436 0.5
11.6996 0.495065 0.5
10.1 0.826795 0.5
8.5 0.826795 0.5
13.1 0.173107 0.5
13.3 0.173022 0.5
16.1 0.173205 0.5
7.3 0.173205 0.5
7.4 0.34641 0.5
7.6 0.34641 0.5
7.2 0.34641 0.5
7.5 0.519615 0.5
7.70191 0.511376 0.5
7.79767 0.340236 0.5
6.3 0.826795 0.5
6.19734 0.655126 0.5
6.39423 0.660182 0.5
5.99956 0.653846 0.5
6.09848 0.481262 0.5
5.90233 0.48211 0.5
6.00014 0.317213 0.5
17.0003 0.341761 0.5
8.7 0.173205 0.5
6.7 0.173205 0.5
6.8 0.34641 0.5
6.6 0.343135 0.5
6.7 0.509256 0.5
6.90266 0.516352 0.5
7.00044 0.345866 0.5
7.10052 0.515706 0.5
7.00585 0.678548 0.5
7.30002 0.517742 0.5
7.90355 0.829934 0.5
7.50016 0.82947 0.5
6.49956 0.17128 0.5
6.39583 0.335321 0.5
7.10007 0.173114 0.5
5.49734 0.170033 0.5
5.3969 0.344345 0.5
5.19948 0.346066 0.5
5.29674 0.514408 0.5
5.09671 0.517154 0.5
5.49894 0.502057 0.5
4.99937 0.345943 0.5
4.89935 0.515852 0.5
4.99402 0.678706 0.5
4.79979 0.345705 0.5
4.69719 0.514059 0.5
4.5995 0.345367 0.5
4.49679 0.516979 0.5
4.39938 0.345797 0.5
4.29936 0.515799 0.5
4.39404 0.678668 0.5
4.19979 0.345672 0.5
4.0972 0.514045 0.5
3.9995 0.345359 0.5
3.89679 0.516975 0.5
3.79938 0.345795 0.5
3.69936 0.515798 0.5
3.79404 0.678667 0.5
3.59979 0.345671 0.5
3.49996 0.517714 0.5
3.39996 0.34597 0.5
3.3 0.517812 0.5
3.19999 0.346036 0.5
3.09734 0.514447 0.5
2.99955 0.345486 0.5
2.89682 0.517063 0.5
2.7994 0.345831 0.5
2.69937 0.515818 0.5
2.79404 0.678685 0.5
2.59979 0.345681 0.5
2.49996 0.517715 0.5
2.39996 0.345972 0.5
2.3 0.517812 0.5
2.19999 0.346037 0.5
2.09734 0.514447 0.5
1.99955 0.345486 0.5
1.89682 0.517063 0.5
1.7994 0.345831 0.5
1.69937 0.515818 0.5
1.79404 0.678685 0.5
1.59979 0.345681 0.5
1.49996 0.517715 0.5
1.39996 0.345972 0.5
1.3 0.517812 0.5
1.19999 0.346037 0.5
1.1 0.517819 0.5
0.999999 0.346048 0.5
0.9 0.519615 0.5
0.8 0.34635 0.5
0.7 0.519615 0.5
0.6 0.3464 0.5
0.484785 0.518552 0.5
0.393763 0.329882 0.5
0.300335 0.169738 0.5
2.1 0.173205 0.5
3.1 0.173205 0.5
5.50279 0.833231 0.5
10.3 0.173205 0.5
10.7002 0.169168 0.5
17.3005 0.172361 0.5
3.49996 0.173009 0.5
14.5002 0.172928 0.5
3.89981 0.172927 0.5
7.89651 0.169839 0.5
9.1 0.173205 0.5
6.49638 0.831066 0.5
2.49996 0.17301 0.5
9.9 0.173205 0.5
4.7 0.173205 0.5
2.29984 0.830832 0.5
3.29984 0.830832 0.5
1.49996 0.17301 0.5
0.7 0.173193 0.5
10.8 0.65359 0.5
0.510989 0.832387 0.5
0.9 0.826795 0.5
1.1 0.173205 0.5
1.3 0.826795 0.5
10.9 0.826795 0.5
5.09981 0.17307 0.5
4.29986 0.17298 0.5
16.9001 0.17243 0.5
9.7 0.826795 0.5
8.7 0.826795 0.5
19.8307 0.300748 0.5
19.6797 0.396385 0.5
19.6512 0.61271 0.5
13.5002 0.830832 0.5
8.29984 0.17053 0.5
18.9 0.1732 0.5
5.80342 0.655713 0.5
5.70344 0.492713 0.5
19.5078 0.823237 0.5
12.5 0.836082 0.5
10.5 0.826795 0.5
5.90024 0.826965 0.5
7.69903 0.171615 0.5
9.5 0.173205 0.5
17.7002 0.832841 0.5
11.4996 0.827103 0.5
2.89983 0.172955 0.5
9.3 0.826795 0.5
1.89983 0.172955 0.5
18.5 0.173011 0.5
8.09842 0.489204 0.5
16.3 0.826795 0.5
12.3001 0.172951 0.5
17.9002 0.172969 0.5
19.1017 0.83334 0.5
12.6004 0.344013 0.5
17.2005 0.340479 0.5
17.1036 0.830825 0.5
19.4 0.34641 0.5
18.8 0.34603 0.5
16.0002 0.345671 0.5
15.1002 0.172927 0.5
15.7002 0.172927 0.5
19.4396 0.64561 0.5
19.6862 0.182733 0.5
19.8399 0.698849 0.5
0.159041 0.695207 0.5
0.187645 0.31626 0.5
0.313794 0.612645 0.5
13.101 0.837552 0.5
17.5014 0.506532 0.5
11.8015 0.33536 0.5
6.6011 0.670113 0.5
12.1975 0.677043 0.5
4.89812 0.839699 0.5
11.301 0.162448 0.5
6.19597 0.323647 0.5
7.10098 0.837493 0.5
6.29698 0.492584 0.5
17.0019 0.668361 0.5
7.99833 0.332417 0.5
11.8925 0.835464 0.5
11.0023 0.322296 0.5
5.60188 0.664208 0.5
7.80181 0.667425 0.5
5.79832 0.324363 0.5
11.7932 0.664861 0.5
5.59916 0.332817 0.5
5.19759 0.677493 0.5
6.8016 0.67622 0.5
12.8023 0.677704 0.5
4.29812 0.839692 0.5
18.301 0.837516 0.5
4.59712 0.678199 0.5
3.69901 0.837513 0.5
14.1019 0.839695 0.5
3.99712 0.678196 0.5
2.69901 0.837516 0.5
2.99772 0.677481 0.5
18.0023 0.677473 0.5
13.8023 0.677481 0.5
1.69901 0.837516 0.5
1.99772 0.677481 0.5
14.7019 0.839692 0.5
14.4029 0.678197 0.5
15.3019 0.839692 0.5
15.0029 0.678196 0.5
15.901 0.837513 0.5
15.6029 0.678196 0.5
17.3016 0.502303 0.5
7.60109 0.672115 0.5
8.19899 0.327955 0.5
16.8011 0.67227 0.5
5.4 0.673205 0.5
19 0.673205 0.5
19.2112 0.666981 0.5
17.8014 0.675073 0.5
7.40021 0.673151 0.5
12.6012 0.674634 0.5
11.6002 0.327666 0.5
8.3998 0.326543 0.5
16.2 0.673199 0.5
16.4 0.673204 0.5
8.59997 0.326753 0.5
13.4 0.673205 0.5
16.6002 0.673495 0.5
8.79999 0.326788 0.5
12.399 0.674742 0.5
3.39997 0.673255 0.5
3.19883 0.674811 0.5
13.6012 0.674804 0.5
9 0.326794 0.5
9.2 0.326795 0.5
9.4 0.326795 0.5
2.39997 0.673255 0.5
2.19883 0.674811 0.5
9.6 0.326795 0.5
9.8 0.326795 0.5
10 0.326795 0.5
1.4 0.673205 0.5
10.8013 0.325469 0.5
10.2 0.326795 0.5
1.2 0.673205 0.5
10.6003 0.326529 0.5
1 0.673205 0.5
10.4 0.326751 0.5
0.8 0.673205 0.5
0.60797 0.67613 0.5
18.8 0.673205 0.5
18.6 0.673205 0.5
17.6 0.673239 0.5
12.0966 0.837161 0.5
17.1015 0.504579 0.5
11.4 0.326829 0.5
13.902 0.838484 0.5
6.9014 0.838145 0.5
11.1018 0.161801 0.5
18.1019 0.838119 0.5
12.9018 0.838199 0.5
5.09797 0.83849 0.5
5.89987 0.156718 0.5
6.49802 0.501765 0.5
4.49732 0.839405 0.5
6.0992 0.158457 0.5
7.2 0.673171 0.5
4.79674 0.677731 0.5
4.19675 0.677712 0.5
3.89747 0.839041 0.5
13.2 0.673171 0.5
3.6 0.673171 0.5
16 0.673171 0.5
2.89814 0.838121 0.5
2.6 0.673171 0.5
1.89814 0.838121 0.5
1.6 0.673171 0.5
14.5027 0.839405 0.5
14.2032 0.67772 0.5
18.4 0.673171 0.5
15.1027 0.839404 0.5
14.8032 0.677712 0.5
15.7025 0.839041 0.5
15.4032 0.677712 0.5
7.90006 0.500031 0.5
19.8536 0.85359 0.5
0.14641 0.85359 0.5
19.8536 0.14641 0.5
0.14641 0.14641 0.5
19.5044 0.469342 0.5
0.450547 0.687093 0.5
19.5429 0.311814 0.5
0.31025 0.458123 0.5
0.533181 0.737936 0.25
0.263865 0.705374 0.25
2.44387 0.255969 0.25
19.1563 0.255988 0.25
4.84383 0.255912 0.25
4.0439 0.255869 0.25
18.4009 0.460274 0.25
3.59912 0.460266 0.25
1.59913 0.460278 0.25
14.9561 0.255869 0.25
16.3 0.404145 0.25
12.7 0.288675 0.25
1.29996 0.28853 0.25
17.3527 0.745866 0.25
13.3001 0.28837 0.25
2.69955 0.401503 0.25
18.1007 0.288284 0.25
18.7 0.288526 0.25
0.899912 0.288605 0.25
6.89964 0.288342 0.25
7.49996 0.288651 0.250042
16.0014 0.460577 0.25
3.29996 0.28853 0.25
16.7 0.288675 0.25
15.3004 0.288331 0.25
14.1004 0.288342 0.25
15.7007 0.288246 0.25
14.5007 0.288247 0.25
4.49932 0.288432 0.25
1.89938 0.288303 0.25
13.001 0.460397 0.25
12.2999 0.288644 0.24984
13.7001 0.288589 0.25
17.7019 0.287728 0.25
5.09939 0.402351 0.250041
7.79913 0.460286 0.248633
17.3545 0.255204 0.25
11.9046 0.28601 0.250332
19.4552 0.261839 0.25
9.1 0.288177 0.248228
9.1 0.711325 0.251878
10.7 0.711325 0.25188
8.7 0.711325 0.25188
11.1 0.711325 0.251878
2.99635 0.460114 0.25
6.49996 0.28853 0.24969
8.69999 0.288551 0.248158
9.9 0.288004 0.248277
7.19804 0.459137 0.249792
16.9999 0.454881 0.25
9.5 0.287852 0.248309
10.3 0.288649 0.248131
11.4997 0.288451 0.248114
8.29999 0.288659 0.248416
10.7001 0.288576 0.248074
2.19958 0.461276 0.25
1.3 0.627685 0.25
18.7 0.627685 0.25
3.89569 0.726648 0.25
15.7043 0.726648 0.25
4.79783 0.564962 0.250004
4.19785 0.564935 0.25
15.4022 0.564934 0.25
14.8022 0.564935 0.25
14.2022 0.564942 0.25
6.80011 0.563187 0.250614
5.49965 0.288208 0.248618
8.3 0.711325 0.252259
10.3 0.711325 0.252259
9.7 0.711325 0.252843
16.1 0.71744 0.25
0.9 0.717446 0.25
6.09807 0.712272 0.251894
2.45192 0.748762 0.25
17.5984 0.56168 0.25
13.3 0.627624 0.25
4.49569 0.726902 0.25
15.1043 0.726901 0.25
14.5043 0.726901 0.25
16.5002 0.629074 0.25
0.401502 0.476829 0.25
6.09991 0.288605 0.247138
3.5 0.717437 0.25
18.3045 0.727605 0.25
1.69555 0.727602 0.25
7.7026 0.71913 0.250917
9.39715 0.539765 0.252827
11.2018 0.459044 0.247661
11.5974 0.542663 0.252083
5.09569 0.726901 0.249798
16.9024 0.719706 0.25
12.1983 0.564937 0.250579
18.0024 0.565571 0.25
7.30011 0.717364 0.25042
12.9038 0.725859 0.25
2.89616 0.725712 0.25
13.9038 0.725965 0.25
10.0023 0.539473 0.253603
12.5005 0.720216 0.249975
13.6021 0.563104 0.25
5.39784 0.56495 0.249004
2.0989 0.723772 0.25
6.5 0.717446 0.250504
11.8949 0.624253 0.250211
5.69611 0.719346 0.249851
5.80129 0.45745 0.248304
18.9337 0.423615 0.25
19.7261 0.28129 0.25
7.9651 0.250524 0.247545
0.556112 0.256273 0.25
3.23274 0.585566 0.25
10.9637 0.251731 0.246242
11.363 0.747689 0.25451
8.04093 0.568361 0.253824
0.247369 0.245598 0.25
3.86131 0.444671 0.25
19.4182 0.530799 0.25
18.94 0.743518 0.25
1.09997 0.452246 0.25
13.9003 0.451866 0.25
19.7551 0.755074 0.25
8.95479 0.499751 0.250049
15.1105 0.460573 0.25
8.55451 0.499941 0.249995
6.24335 0.501066 0.249458
12.5 0.451113 0.249422
10.8457 0.499973 0.25024
17.2491 0.512131 0.25
10.5545 0.499925 0.249994
9.69994 0.447033 0.246613
1.89574 0.569074 0.25
7.04986 0.666995 0.248818
7.50204 0.563344 0.249839
17.7989 0.716697 0.25
12.7363 0.537815 0.248492
19.1586 0.590962 0.25
16.7324 0.536529 0.247291
2.47312 0.501953 0.254211
0.757974 0.503054 0.25
9.46592 0.771448 0.230918
3.71752 0.239012 0.241668
2.66996 0.641169 0.229794
2.2 0.222392 0.285707
6.72392 0.783997 0.229369
11.2 0.220952 0.213492
4.79636 0.795447 0.293376
4.26693 0.337655 0.271286
14.7331 0.337644 0.271277
2.88657 0.235236 0.242134
16.1136 0.236127 0.257353
17.1091 0.234091 0.238769
1.53579 0.224167 0.263282
18.4001 0.230409 0.204102
19.7764 0.515999 0.26568
7.72956 0.234815 0.22683
13 0.23092 0.296355
4.27042 0.78632 0.226324
16.6764 0.78508 0.230693
10 0.76906 0.296885
12.2755 0.786453 0.230625
14.2786 0.785187 0.226289
7.19984 0.230231 0.203195
18.53 0.787641 0.229096
5.86752 0.225933 0.270555
13.1291 0.786507 0.227113
14.4271 0.508198 0.220846
15.6269 0.508072 0.220731
4.57298 0.508292 0.279232
13.6769 0.785399 0.271146
11.5997 0.770458 0.298071
18.0789 0.785497 0.226852
15.4788 0.784829 0.225998
14.8796 0.783258 0.224598
5.32116 0.784846 0.225916
17.1292 0.705089 0.286182
16.4647 0.224209 0.26367
6.57951 0.503044 0.216567
19.4065 0.776291 0.222077
7.99616 0.78781 0.202266
5.26512 0.224836 0.235194
17.5741 0.785286 0.288809
10.2239 0.49963 0.286431
9.17821 0.497792 0.211807
6.01992 0.502516 0.288319
12.0501 0.792288 0.278734
13.4544 0.793381 0.220596
17.8012 0.481773 0.197324
13.5 0.371981 0.197563
1.47104 0.783483 0.226627
3.29426 0.797639 0.279744
1.12535 0.785551 0.231158
16.3249 0.785877 0.230985
12.1016 0.372691 0.197011
14.3005 0.20307 0.217871
11.7015 0.20401 0.281633
19.1963 0.808161 0.296974
8.89991 0.204277 0.282545
8.24802 0.499664 0.286462
8.9 0.795945 0.282822
8.49999 0.204482 0.282575
6.2997 0.203318 0.283187
8.50003 0.795789 0.282918
10.9 0.796373 0.217864
15.5005 0.204157 0.217362
1.09992 0.203475 0.217667
12.5 0.2035 0.2823
13.9002 0.203527 0.217678
3.69605 0.799125 0.212252
17.9014 0.203549 0.283102
10.5 0.203349 0.217506
10.1001 0.203291 0.217431
10.5 0.796096 0.217239
6.69973 0.203377 0.282458
6.29787 0.796177 0.21729
15.9004 0.646693 0.194805
9.3 0.346597 0.308537
5.04794 0.195914 0.290905
7.50097 0.796742 0.283908
18.1921 0.476746 0.193703
5.59088 0.478939 0.194631
5.89631 0.654621 0.19301
1.89791 0.797098 0.286812
3.51044 0.268314 0.303965
18.9413 0.202144 0.281881
12.7011 0.797373 0.214525
16.5339 0.420048 0.195094
16.8979 0.203015 0.283912
11.7805 0.450128 0.187479
11.4066 0.471074 0.187783
0.200306 0.511379 0.294479
6.99373 0.469942 0.186646
15.9004 0.203484 0.217299
3.09071 0.272687 0.3069
3.39665 0.466536 0.183129
9.70002 0.242333 0.300052
3.10284 0.747849 0.196165
17.5185 0.374964 0.191518
1.4015 0.458095 0.322023
18.5985 0.458095 0.322024
13.1986 0.457971 0.322032
15.8041 0.458194 0.322384
3.72742 0.615708 0.310558
4.07809 0.810779 0.296542
4.38433 0.490847 0.189847
8.75465 0.517482 0.302994
14.2871 0.386502 0.31532
2.28198 0.643435 0.189146
0.721042 0.807377 0.203588
14.605 0.557213 0.318863
9.29375 0.704185 0.323059
15.4872 0.386895 0.315672
14.6885 0.805339 0.297567
2.6436 0.202441 0.297559
15.2999 0.731779 0.321722
16.264 0.601663 0.310437
4.69959 0.3829 0.176009
14.0997 0.731932 0.321461
5.20362 0.565781 0.177293
12.1231 0.192896 0.295904
4.99164 0.563472 0.321442
8.10901 0.385497 0.182624
4.00625 0.570084 0.175647
5.50007 0.732384 0.318112
5.69338 0.284984 0.174595
19.5803 0.416076 0.313312
11.798 0.785832 0.171271
1.70693 0.300393 0.178136
18.7573 0.815656 0.304582
11.0307 0.535501 0.320186
2.82541 0.544946 0.31392
19.2998 0.381416 0.17512
5.28924 0.406476 0.326304
