602 708
5 3 560 254 433 435 
5 3 239 560 435 437 
5 3 437 439 531 239 
5 3 292 531 439 442 
5 3 442 444 520 292 
5 3 276 532 427 429 
5 3 444 446 229 520 
5 3 532 216 424 427 
5 3 31 585 468 30 
5 3 244 325 323 570 
5 3 248 499 413 415 
5 3 499 245 410 413 
5 3 50 566 469 49 
5 3 28 584 467 27 
5 3 570 323 321 220 
5 3 30 468 226 29 
5 3 470 52 53 563 
5 3 27 467 269 26 
5 3 461 463 273 476 
5 3 459 461 476 269 
5 3 325 244 571 327 
5 3 429 431 558 276 
5 3 207 208 297 571 
5 3 230 544 395 397 
5 3 536 273 463 465 
5 3 39 558 254 38 
5 3 544 243 393 395 
5 3 420 422 498 291 
5 3 43 498 216 42 
5 3 220 321 319 515 
5 3 415 417 546 248 
5 3 472 57 58 542 
5 3 45 546 291 44 
5 3 49 469 245 48 
5 3 446 448 585 229 
5 3 52 470 284 51 
5 3 404 406 566 284 
5 3 515 319 317 221 
5 3 289 517 380 383 
5 3 397 399 563 230 
5 3 517 234 378 380 
5 3 57 472 243 56 
5 3 234 549 376 378 
5 3 452 454 584 226 
5 3 387 389 542 246 
5 3 60 522 246 59 
5 3 549 252 373 376 
5 3 383 385 522 289 
5 3 297 329 327 571 
5 3 67 471 539 66 
5 3 221 317 314 535 
5 3 95 96 298 304 
5 3 300 305 218 304 
5 3 559 293 577 489 
5 3 213 559 489 486 
5 3 351 496 311 313 
5 3 490 213 486 484 
5 3 66 539 252 65 
5 3 280 523 365 367 
5 3 300 307 309 305 
5 3 367 369 471 280 
5 3 299 308 307 300 
5 3 363 365 523 247 
5 3 254 558 431 433 
5 3 85 86 266 477 
5 3 296 573 104 105 
5 3 484 480 227 490 
5 3 360 363 247 516 
5 3 267 128 129 491 
5 3 216 498 422 424 
5 3 291 546 417 420 
5 3 292 34 35 531 
5 3 135 555 228 134 
5 3 96 97 258 298 
5 3 317 316 315 314 
5 3 310 306 305 309 
5 3 525 572 507 565 
5 3 354 359 231 358 
5 3 358 73 74 352 
5 3 199 200 222 311 
5 3 131 538 270 130 
5 3 518 583 303 582 
5 3 75 217 352 74 
5 3 545 158 159 290 
5 3 563 53 54 230 
5 3 548 141 142 278 
5 3 544 55 56 243 
5 3 552 167 168 251 
5 3 493 233 190 191 
5 3 549 64 65 252 
5 3 137 540 236 136 
5 3 522 60 61 289 
5 3 203 204 220 515 
5 3 212 179 180 550 
5 3 37 560 239 36 
5 3 566 50 51 284 
5 3 124 561 286 123 
5 3 13 543 271 12 
5 3 496 351 345 224 
5 3 276 40 41 532 
5 3 526 530 223 529 
5 3 161 257 537 160 
5 3 359 354 473 475 
5 3 146 521 255 145 
5 3 268 568 102 103 
5 3 475 361 360 359 
5 3 485 486 489 487 
5 3 571 244 206 207 
5 3 191 192 225 493 
5 3 178 492 275 177 
5 3 224 344 196 197 
5 3 47 499 248 46 
5 3 231 72 73 358 
5 3 141 548 253 140 
5 3 214 117 118 554 
5 3 358 352 353 354 
5 3 503 502 508 504 
5 3 374 377 378 376 
5 3 379 381 383 380 
5 3 388 390 391 389 
5 3 481 480 484 482 
5 3 84 501 274 83 
5 3 187 533 287 186 
5 3 361 362 363 360 
5 3 368 370 371 369 
5 3 389 391 472 542 
5 3 416 418 420 417 
5 3 411 414 415 413 
5 3 428 430 431 429 
5 3 167 552 237 166 
5 3 181 279 550 180 
5 3 33 520 229 32 
5 3 55 544 230 54 
5 3 139 562 288 138 
5 3 351 348 347 345 
5 3 158 545 238 157 
5 3 516 231 359 360 
5 3 395 393 392 394 
5 3 264 16 17 337 
5 3 64 549 234 63 
5 3 257 161 162 500 
5 3 321 320 318 319 
5 3 273 24 25 476 
5 3 150 497 281 149 
5 3 372 374 376 373 
5 3 455 454 452 453 
5 3 71 516 247 70 
5 3 535 314 312 222 
5 3 584 28 29 226 
5 3 585 31 32 229 
5 3 524 79 80 235 
5 3 501 84 85 272 
5 3 304 218 94 95 
5 3 509 260 99 100 
5 3 568 261 101 102 
5 3 562 139 140 253 
5 3 459 460 462 461 
5 3 69 523 280 68 
5 3 553 116 117 214 
5 3 551 120 121 219 
5 3 338 133 134 228 
5 3 556 185 186 287 
5 3 533 187 188 256 
5 3 246 522 385 387 
5 3 483 479 480 481 
5 3 529 524 525 526 
5 3 136 236 555 135 
5 3 148 534 277 147 
5 3 535 222 200 201 
5 3 515 221 202 203 
5 3 570 220 204 205 
5 3 394 396 397 395 
5 3 435 433 432 434 
5 3 446 444 443 445 
5 3 454 455 457 456 
5 3 530 526 527 528 
5 3 543 13 14 263 
5 3 499 47 48 245 
5 3 542 58 59 246 
5 3 289 61 62 517 
5 3 147 277 521 146 
5 3 345 347 349 346 
5 3 377 379 380 378 
5 3 331 9 10 265 
5 3 497 150 151 249 
5 3 445 447 448 446 
5 3 492 178 179 212 
5 3 79 524 529 78 
5 3 561 124 125 241 
5 3 406 404 402 405 
5 3 409 411 413 410 
5 3 430 432 433 431 
5 3 560 37 38 254 
5 3 103 104 573 268 
5 3 305 306 569 218 
5 3 577 495 487 489 
5 3 384 386 387 385 
5 3 398 400 401 399 
5 3 414 416 417 415 
5 3 448 449 451 450 
5 3 217 75 76 547 
5 3 353 355 357 356 
5 3 421 423 424 422 
5 3 531 35 36 239 
5 3 70 247 523 69 
5 3 89 90 213 490 
5 3 119 211 554 118 
5 3 381 384 385 383 
5 3 425 428 429 427 
5 3 130 270 491 129 
5 3 486 485 482 484 
5 3 369 371 539 471 
5 3 352 217 355 353 
5 3 408 406 405 407 
5 3 407 409 410 408 
5 3 436 438 439 437 
5 3 558 39 40 276 
5 3 72 231 516 71 
5 3 390 392 393 391 
5 3 116 553 215 115 
5 3 423 425 427 424 
5 3 434 436 437 435 
5 3 498 43 44 291 
5 3 63 234 517 62 
5 3 567 81 82 564 
5 3 325 324 322 323 
5 3 354 353 356 473 
5 3 370 372 373 371 
5 3 576 530 528 574 
5 3 546 45 46 248 
5 3 224 345 346 344 
5 3 520 33 34 292 
5 3 532 41 42 216 
5 3 222 312 313 311 
5 3 400 402 404 401 
5 3 438 440 442 439 
5 3 506 503 504 505 
5 3 540 137 138 288 
5 3 226 468 450 452 
5 3 100 101 261 509 
5 3 440 443 444 442 
5 3 223 77 78 529 
5 3 86 87 478 266 
5 3 88 89 490 227 
5 3 509 261 511 510 
5 3 326 327 329 328 
5 3 284 470 401 404 
5 3 453 452 450 451 
5 3 19 262 578 18 
5 3 500 162 163 283 
5 3 113 242 332 112 
5 3 290 159 160 537 
5 3 422 420 418 421 
5 3 245 469 408 410 
5 3 471 67 68 280 
5 3 77 223 547 76 
5 3 185 556 250 184 
5 3 365 363 362 364 
5 3 526 525 565 527 
5 3 367 365 364 366 
5 3 252 539 371 373 
5 3 470 563 399 401 
5 3 534 148 149 281 
5 3 243 472 391 393 
5 3 339 341 343 340 
5 3 26 269 476 25 
5 3 93 94 218 569 
5 3 538 131 132 210 
5 3 369 367 366 368 
5 3 524 235 572 525 
5 3 588 332 242 333 
5 3 466 465 463 464 
5 3 569 293 92 93 
5 3 316 317 319 318 
5 3 505 507 572 506 
5 3 502 503 564 274 
5 3 197 198 496 224 
5 3 567 564 503 506 
5 3 338 339 340 210 
5 3 24 273 536 23 
5 3 133 338 210 132 
5 3 399 397 396 398 
5 3 304 298 299 300 
5 3 263 14 15 541 
5 3 389 387 386 388 
5 3 323 322 320 321 
5 3 219 121 122 330 
5 3 232 557 193 194 
5 3 480 479 478 227 
5 3 510 518 260 509 
5 3 510 513 583 518 
5 3 201 202 221 535 
5 3 81 567 235 80 
5 3 269 467 456 459 
5 3 460 459 456 457 
5 3 227 478 87 88 
5 3 192 193 557 225 
5 3 311 496 198 199 
5 3 16 264 541 15 
5 3 461 462 464 463 
5 3 120 551 211 119 
5 3 123 286 330 122 
5 3 313 494 348 351 
5 3 406 408 469 566 
5 3 83 274 564 82 
5 3 205 206 244 570 
5 3 293 569 306 577 
5 3 530 576 547 223 
5 3 242 113 114 581 
5 3 327 326 324 325 
5 3 90 91 559 213 
5 3 495 577 306 310 
5 3 513 510 511 512 
5 3 579 312 314 315 
5 3 301 299 298 258 
5 3 18 578 337 17 
5 3 312 579 494 313 
5 3 344 519 195 196 
5 3 12 271 575 11 
5 3 293 559 91 92 
5 3 574 357 355 576 
5 3 217 547 576 355 
5 3 259 22 23 536 
5 3 308 299 301 302 
5 3 194 195 519 232 
5 3 333 242 581 334 
5 3 506 572 235 567 
5 3 11 575 265 10 
5 3 115 215 581 114 
5 3 582 301 258 580 
5 3 302 301 582 303 
5 3 580 260 518 582 
5 3 260 580 98 99 
5 3 448 450 468 585 
5 3 97 98 580 258 
5 3 454 456 467 584 
5 3 514 599 648 336 
5 3 342 592 642 508 
5 3 336 600 636 514 
5 3 349 594 465 466 
5 3 342 508 502 593 
5 3 626 593 501 272 
5 3 679 143 144 598 
5 3 683 126 127 605 
5 3 343 601 479 483 
5 3 641 270 538 603 
5 3 594 349 347 602 
5 3 665 457 455 613 
5 3 466 609 346 349 
5 3 648 599 568 268 
5 3 341 339 592 342 
5 3 684 152 153 606 
5 3 483 603 340 343 
5 3 686 155 156 608 
5 3 512 511 599 514 
5 3 688 164 165 610 
5 3 690 169 170 612 
5 3 660 232 519 609 
5 3 691 172 173 616 
5 3 335 334 600 336 
5 3 696 175 176 618 
5 3 699 182 183 620 
5 3 487 488 682 485 
5 3 356 474 680 473 
5 3 22 259 678 21 
5 3 379 382 687 381 
5 3 372 375 685 374 
5 3 398 403 689 400 
5 3 438 441 698 440 
5 3 409 412 692 411 
5 3 416 419 695 418 
5 3 423 426 697 425 
5 3 109 295 586 108 
5 3 110 588 295 109 
5 3 5 6 589 294 
5 3 8 700 7 1 
5 3 209 0 4 702 
5 3 106 2 107 703 
5 3 111 701 110 3 
5 3 623 278 679 596 
5 3 594 602 678 259 
5 3 631 241 683 597 
5 3 646 249 684 604 
5 3 685 285 686 607 
5 3 662 283 688 611 
5 3 667 251 690 614 
5 3 190 233 613 693 
5 3 692 282 691 617 
5 3 695 240 696 619 
5 3 675 279 699 621 
5 3 259 536 465 594 
5 3 274 501 593 502 
5 3 357 596 474 356 
5 3 228 592 339 338 
5 3 20 595 262 19 
5 3 266 478 479 601 
5 3 145 255 598 144 
5 3 495 597 488 487 
5 3 348 350 602 347 
5 3 210 340 603 538 
5 3 370 604 375 372 
5 3 261 568 599 511 
5 3 128 267 605 127 
5 3 154 285 606 153 
5 3 215 600 334 581 
5 3 377 607 382 379 
5 3 157 238 608 156 
5 3 344 346 609 519 
5 3 396 611 403 398 
5 3 166 237 610 165 
5 3 453 458 613 455 
5 3 171 282 612 170 
5 3 407 614 412 409 
5 3 189 615 256 188 
5 3 174 240 616 173 
5 3 414 617 419 416 
5 3 177 275 618 176 
5 3 421 619 426 423 
5 3 184 250 620 183 
5 3 436 621 441 438 
5 3 590 705 573 296 
5 3 591 331 265 704 
5 3 631 310 309 645 
5 3 636 553 214 634 
5 3 592 228 555 642 
5 3 601 622 477 266 
5 3 624 507 505 629 
5 3 341 626 477 622 
5 3 641 481 482 649 
5 3 627 361 475 630 
5 3 628 253 548 635 
5 3 629 540 288 624 
5 3 634 512 514 636 
5 3 307 647 645 309 
5 3 635 528 527 628 
5 3 652 308 302 650 
5 3 624 288 562 639 
5 3 630 521 277 627 
5 3 596 357 574 623 
5 3 649 491 270 641 
5 3 236 633 642 555 
5 3 593 626 341 342 
5 3 645 561 241 631 
5 3 625 583 513 640 
5 3 638 364 362 632 
5 3 597 495 310 631 
5 3 632 534 281 638 
5 3 601 343 341 622 
5 3 85 477 626 272 
5 3 680 255 521 630 
5 3 639 565 507 624 
5 3 211 625 640 554 
5 3 643 497 249 646 
5 3 646 368 366 643 
5 3 650 219 330 652 
5 3 640 513 512 634 
5 3 604 370 368 646 
5 3 682 267 491 649 
5 3 603 483 481 641 
5 3 508 642 633 504 
5 3 653 656 541 264 
5 3 278 623 635 548 
5 3 497 643 638 281 
5 3 651 644 337 578 
5 3 364 638 643 366 
5 3 528 635 623 574 
5 3 534 632 627 277 
5 3 361 627 632 362 
5 3 253 628 639 562 
5 3 681 651 578 262 
5 3 565 639 628 527 
5 3 634 214 554 640 
5 3 651 579 315 644 
5 3 504 633 629 505 
5 3 219 650 637 551 
5 3 600 215 553 636 
5 3 561 645 647 286 
5 3 540 629 633 236 
5 3 656 318 320 661 
5 3 655 386 384 654 
5 3 653 316 318 656 
5 3 687 238 545 654 
5 3 654 545 290 655 
5 3 386 655 657 388 
5 3 655 290 537 657 
5 3 551 637 625 211 
5 3 583 625 637 303 
5 3 656 661 263 541 
5 3 388 657 658 390 
5 3 308 652 647 307 
5 3 657 537 257 658 
5 3 500 659 658 257 
5 3 611 396 394 662 
5 3 303 637 650 302 
5 3 392 659 662 394 
5 3 286 647 652 330 
5 3 390 658 659 392 
5 3 232 660 664 557 
5 3 659 500 283 662 
5 3 609 466 464 660 
5 3 462 664 660 464 
5 3 665 493 225 663 
5 3 663 460 457 665 
5 3 677 575 271 676 
5 3 460 663 664 462 
5 3 557 664 663 225 
5 3 689 237 552 666 
5 3 264 337 644 653 
5 3 316 653 644 315 
5 3 614 407 405 667 
5 3 613 233 493 665 
5 3 666 552 251 667 
5 3 402 666 667 405 
5 3 543 263 661 668 
5 3 448 447 669 449 
5 3 256 449 669 533 
5 3 287 670 672 556 
5 3 445 670 669 447 
5 3 673 430 428 671 
5 3 533 669 670 287 
5 3 671 492 212 673 
5 3 697 275 492 671 
5 3 698 250 556 672 
5 3 670 445 443 672 
5 3 674 550 279 675 
5 3 322 668 661 320 
5 3 432 674 675 434 
5 3 621 436 434 675 
5 3 550 674 673 212 
5 3 430 673 674 432 
5 3 677 676 324 326 
5 3 543 668 676 271 
5 3 322 324 676 668 
5 3 579 651 681 494 
5 3 256 694 451 449 
5 3 595 20 21 678 
5 3 278 142 143 679 
5 3 630 475 473 680 
5 3 350 348 494 681 
5 3 649 482 485 682 
5 3 241 125 126 683 
5 3 249 151 152 684 
5 3 607 377 374 685 
5 3 285 154 155 686 
5 3 654 384 381 687 
5 3 283 163 164 688 
5 3 666 402 400 689 
5 3 251 168 169 690 
5 3 617 414 411 692 
5 3 282 171 172 691 
5 3 615 189 190 693 
5 3 458 453 451 694 
5 3 240 174 175 696 
5 3 619 421 418 695 
5 3 671 428 425 697 
5 3 672 443 440 698 
5 3 279 181 182 699 
5 3 587 707 328 329 
5 3 334 335 706 333 
5 3 333 706 295 588 
5 3 5 294 707 587 
5 3 350 681 262 595 
5 3 598 474 596 679 
5 3 474 598 255 680 
5 3 605 488 597 683 
5 3 595 678 602 350 
5 3 606 375 604 684 
5 3 488 605 267 682 
5 3 375 606 285 685 
5 3 608 382 607 686 
5 3 382 608 238 687 
5 3 610 403 611 688 
5 3 403 610 237 689 
5 3 412 612 282 692 
5 3 612 412 614 690 
5 3 615 693 613 458 
5 3 458 694 256 615 
5 3 419 616 240 695 
5 3 616 419 617 691 
5 3 426 618 275 697 
5 3 618 426 619 696 
5 3 441 620 250 698 
5 3 620 441 621 699 
5 3 108 586 703 107 
5 3 6 7 700 589 
5 3 5 587 702 4 
5 3 9 331 700 8 
5 3 112 332 701 111 
5 3 105 106 703 296 
5 3 208 209 702 297 
5 3 110 701 332 588 
5 3 329 297 702 587 
5 3 590 296 703 586 
5 3 591 589 700 331 
5 3 706 335 705 590 
5 3 707 591 704 328 
5 3 336 648 705 335 
5 3 326 328 704 677 
5 3 586 295 706 590 
5 3 589 591 707 294 
5 3 268 573 705 648 
5 3 575 677 704 265 
