192 113
3 2 2 4 50 
3 2 4 49 50 
3 2 4 5 49 
3 2 50 49 36 
3 2 5 51 49 
3 2 51 52 49 
3 2 51 35 52 
3 2 49 52 36 
3 2 5 6 51 
3 2 6 53 51 
3 2 6 7 53 
3 2 51 53 35 
3 2 36 52 55 
3 2 52 54 55 
3 2 52 35 54 
3 2 55 54 32 
3 2 1 56 10 
3 2 56 57 10 
3 2 56 37 57 
3 2 10 57 9 
3 2 37 58 57 
3 2 58 59 57 
3 2 58 35 59 
3 2 57 59 9 
3 2 37 60 58 
3 2 60 54 58 
3 2 60 32 54 
3 2 58 54 35 
3 2 9 59 8 
3 2 59 53 8 
3 2 59 35 53 
3 2 8 53 7 
3 2 2 50 31 
3 2 50 61 31 
3 2 50 36 61 
3 2 31 61 30 
3 2 36 62 61 
3 2 62 63 61 
3 2 62 38 63 
3 2 61 63 30 
3 2 36 55 62 
3 2 55 64 62 
3 2 55 32 64 
3 2 62 64 38 
3 2 30 63 29 
3 2 63 65 29 
3 2 63 38 65 
3 2 29 65 28 
3 2 1 11 56 
3 2 11 66 56 
3 2 11 12 66 
3 2 56 66 37 
3 2 12 67 66 
3 2 67 68 66 
3 2 67 39 68 
3 2 66 68 37 
3 2 12 13 67 
3 2 13 69 67 
3 2 13 14 69 
3 2 67 69 39 
3 2 37 68 60 
3 2 68 70 60 
3 2 68 39 70 
3 2 60 70 32 
3 2 0 71 17 
3 2 71 72 17 
3 2 71 40 72 
3 2 17 72 16 
3 2 40 73 72 
3 2 73 74 72 
3 2 73 41 74 
3 2 72 74 16 
3 2 40 75 73 
3 2 75 76 73 
3 2 75 33 76 
3 2 73 76 41 
3 2 16 74 15 
3 2 74 77 15 
3 2 74 41 77 
3 2 15 77 14 
3 2 3 25 79 
3 2 25 78 79 
3 2 25 26 78 
3 2 79 78 43 
3 2 26 80 78 
3 2 80 81 78 
3 2 80 42 81 
3 2 78 81 43 
3 2 26 27 80 
3 2 27 82 80 
3 2 27 28 82 
3 2 80 82 42 
3 2 43 81 84 
3 2 81 83 84 
3 2 81 42 83 
3 2 84 83 34 
3 2 3 79 24 
3 2 79 85 24 
3 2 79 43 85 
3 2 24 85 23 
3 2 43 86 85 
3 2 86 87 85 
3 2 86 44 87 
3 2 85 87 23 
3 2 43 84 86 
3 2 84 88 86 
3 2 84 34 88 
3 2 86 88 44 
3 2 23 87 22 
3 2 87 89 22 
3 2 87 44 89 
3 2 22 89 21 
3 2 0 18 71 
3 2 18 90 71 
3 2 18 19 90 
3 2 71 90 40 
3 2 19 91 90 
3 2 91 92 90 
3 2 91 45 92 
3 2 90 92 40 
3 2 19 20 91 
3 2 20 93 91 
3 2 20 21 93 
3 2 91 93 45 
3 2 40 92 75 
3 2 92 94 75 
3 2 92 45 94 
3 2 75 94 33 
3 2 32 95 97 
3 2 95 96 97 
3 2 95 46 96 
3 2 97 96 48 
3 2 46 98 96 
3 2 98 99 96 
3 2 98 47 99 
3 2 96 99 48 
3 2 46 100 98 
3 2 100 101 98 
3 2 100 33 101 
3 2 98 101 47 
3 2 48 99 103 
3 2 99 102 103 
3 2 99 47 102 
3 2 103 102 34 
3 2 21 89 93 
3 2 89 104 93 
3 2 89 44 104 
3 2 93 104 45 
3 2 44 105 104 
3 2 105 106 104 
3 2 105 47 106 
3 2 104 106 45 
3 2 44 88 105 
3 2 88 102 105 
3 2 88 34 102 
3 2 105 102 47 
3 2 45 106 94 
3 2 106 101 94 
3 2 106 47 101 
3 2 94 101 33 
3 2 28 65 82 
3 2 65 107 82 
3 2 65 38 107 
3 2 82 107 42 
3 2 38 108 107 
3 2 108 109 107 
3 2 108 48 109 
3 2 107 109 42 
3 2 38 64 108 
3 2 64 97 108 
3 2 64 32 97 
3 2 108 97 48 
3 2 42 109 83 
3 2 109 103 83 
3 2 109 48 103 
3 2 83 103 34 
3 2 14 77 69 
3 2 77 110 69 
3 2 77 41 110 
3 2 69 110 39 
3 2 41 111 110 
3 2 111 112 110 
3 2 111 46 112 
3 2 110 112 39 
3 2 41 76 111 
3 2 76 100 111 
3 2 76 33 100 
3 2 111 100 46 
3 2 39 112 70 
3 2 112 95 70 
3 2 112 46 95 
3 2 70 95 32 
