113
1 1 0
-0.6 1 0
-0.6 -0.4 0
1 -0.4 0
-0.6 -0.225 0
-0.6 -0.05 0
-0.6 0.125 0
-0.6 0.3 0
-0.6 0.475 0
-0.6 0.65 0
-0.6 0.825 0
-0.4 1 0
-0.2 1 0
-1.53655e-12 1 0
0.2 1 0
0.4 1 0
0.6 1 0
0.8 1 0
1 0.825 0
1 0.65 0
1 0.475 0
1 0.3 0
1 0.125 0
1 -0.05 0
1 -0.225 0
0.8 -0.4 0
0.6 -0.4 0
0.4 -0.4 0
0.2 -0.4 0
1.84963e-12 -0.4 0
-0.2 -0.4 0
-0.4 -0.4 0
0.10625 0.3 0
0.593167 0.59898 0
0.589736 0.0162224 0
-0.246875 0.3 0
-0.246875 -0.05 0
-0.246875 0.65 0
0.153125 -0.05 0
0.153125 0.65 0
0.796583 0.79949 0
0.396583 0.79949 0
0.394868 -0.191889 0
0.794868 -0.191889 0
0.794868 0.158111 0
0.796583 0.44949 0
0.349708 0.44949 0
0.591452 0.307601 0
0.347993 0.158111 0
-0.423437 -0.05 0
-0.423437 -0.225 0
-0.423437 0.125 0
-0.246875 0.125 0
-0.423437 0.3 0
-0.0703125 0.3 0
-0.0703125 0.125 0
-0.423437 0.825 0
-0.423437 0.65 0
-0.246875 0.475 0
-0.423437 0.475 0
-0.0703125 0.475 0
-0.223437 -0.225 0
-0.046875 -0.05 0
-0.0234375 -0.225 0
0.129688 0.125 0
0.176563 -0.225 0
-0.223438 0.825 0
-0.0234375 0.825 0
-0.046875 0.65 0
0.176562 0.825 0
0.129687 0.475 0
0.898292 0.899745 0
0.698292 0.899745 0
0.596583 0.79949 0
0.498292 0.899745 0
0.694875 0.699235 0
0.494875 0.699235 0
0.298292 0.899745 0
0.697434 -0.295944 0
0.897434 -0.295944 0
0.497434 -0.295944 0
0.594868 -0.191889 0
0.297434 -0.295944 0
0.492302 -0.0878332 0
0.692302 -0.0878332 0
0.897434 -0.120944 0
0.794868 -0.0168888 0
0.897434 0.0540556 0
0.692302 0.0871668 0
0.897434 0.229056 0
0.898292 0.724745 0
0.898292 0.549745 0
0.796583 0.62449 0
0.898292 0.374745 0
0.694875 0.524235 0
0.227979 0.374745 0
0.348851 0.3038 0
0.227122 0.229056 0
0.47058 0.378545 0
0.469722 0.232856 0
0.471438 0.524235 0
0.592309 0.45329 0
0.590594 0.161912 0
0.468865 0.0871668 0
0.795726 0.3038 0
0.69316 0.232856 0
0.694018 0.378545 0
0.273997 -0.120944 0
0.250559 0.0540556 0
0.371431 -0.0168888 0
0.274854 0.724745 0
0.373146 0.62449 0
0.251417 0.549745 0
