810
21 0 0
25 0 3
23 0 4
25 1 3
23 1 4
25 2 3
23 2 4
25 3 3
23 3 4
25 4 3
23 4 4
25 5 3
23 5 4
25 6 3
23 6 4
25 7 3
23 7 4
25 8 3
23 8 4
21 9 0
23 9 4
23 10 4
23 11 4
23 12 4
23 13 4
23 14 4
23 15 4
23 16 4
23 17 4
21 18 0
23 18 4
23 19 4
23 20 4
23 21 4
23 22 4
23 23 4
23 24 4
23 25 4
23 26 4
21 27 0
23 27 4
23 28 4
23 29 4
23 30 4
23 31 4
23 32 4
23 33 4
23 34 4
23 35 4
21 36 0
23 36 4
23 37 4
23 38 4
23 39 4
23 40 4
23 41 4
23 42 4
23 43 4
23 44 4
21 45 0
23 45 4
23 46 4
23 47 4
23 48 4
23 49 4
23 50 4
23 51 4
23 52 4
23 53 4
21 54 0
23 54 4
23 55 4
23 56 4
23 57 4
23 58 4
23 59 4
23 60 4
23 61 4
23 62 4
21 63 0
23 63 4
23 64 4
23 65 4
23 66 4
23 67 4
23 68 4
23 69 4
23 70 4
23 71 4
21 72 0
24 72 2
23 72 4
24 73 2
23 73 4
24 74 2
23 74 4
24 75 2
23 75 4
24 76 2
23 76 4
24 77 2
23 77 4
24 78 2
23 78 4
24 79 2
23 79 4
24 80 2
23 80 4
21 81 0
25 81 3
25 82 3
25 83 3
25 84 3
25 85 3
25 86 3
25 87 3
25 88 3
25 89 3
21 90 0
21 99 0
21 108 0
21 117 0
21 126 0
21 135 0
21 144 0
21 153 0
24 153 2
24 154 2
24 155 2
24 156 2
24 157 2
24 158 2
24 159 2
24 160 2
24 161 2
21 162 0
25 162 3
25 163 3
25 164 3
25 165 3
25 166 3
25 167 3
25 168 3
25 169 3
25 170 3
21 171 0
21 180 0
21 189 0
21 198 0
21 207 0
21 216 0
21 225 0
21 234 0
24 234 2
24 235 2
24 236 2
24 237 2
24 238 2
24 239 2
24 240 2
24 241 2
24 242 2
21 243 0
25 243 3
25 244 3
25 245 3
25 246 3
25 247 3
25 248 3
25 249 3
25 250 3
25 251 3
21 252 0
21 261 0
21 270 0
21 279 0
21 288 0
21 297 0
21 306 0
21 315 0
24 315 2
24 316 2
24 317 2
24 318 2
24 319 2
24 320 2
24 321 2
24 322 2
24 323 2
21 324 0
25 324 3
25 325 3
25 326 3
25 327 3
25 328 3
25 329 3
25 330 3
25 331 3
25 332 3
21 333 0
21 342 0
21 351 0
21 360 0
21 369 0
21 378 0
21 387 0
21 396 0
24 396 2
24 397 2
24 398 2
24 399 2
24 400 2
24 401 2
24 402 2
24 403 2
24 404 2
21 405 0
25 405 3
25 406 3
25 407 3
25 408 3
25 409 3
25 410 3
25 411 3
25 412 3
25 413 3
21 414 0
21 423 0
21 432 0
21 441 0
21 450 0
21 459 0
21 468 0
21 477 0
24 477 2
24 478 2
24 479 2
24 480 2
24 481 2
24 482 2
24 483 2
24 484 2
24 485 2
21 486 0
25 486 3
25 487 3
25 488 3
25 489 3
25 490 3
25 491 3
25 492 3
25 493 3
25 494 3
21 495 0
21 504 0
21 513 0
21 522 0
21 531 0
21 540 0
21 549 0
21 558 0
24 558 2
24 559 2
24 560 2
24 561 2
24 562 2
24 563 2
24 564 2
24 565 2
24 566 2
21 567 0
25 567 3
25 568 3
25 569 3
25 570 3
25 571 3
25 572 3
25 573 3
25 574 3
25 575 3
21 576 0
21 585 0
21 594 0
21 603 0
21 612 0
21 621 0
21 630 0
21 639 0
24 639 2
24 640 2
24 641 2
24 642 2
24 643 2
24 644 2
24 645 2
24 646 2
24 647 2
21 648 0
23 648 1
25 648 3
23 649 1
25 649 3
23 650 1
25 650 3
23 651 1
25 651 3
23 652 1
25 652 3
23 653 1
25 653 3
23 654 1
25 654 3
23 655 1
25 655 3
23 656 1
25 656 3
21 657 0
23 657 1
23 658 1
23 659 1
23 660 1
23 661 1
23 662 1
23 663 1
23 664 1
23 665 1
21 666 0
23 666 1
23 667 1
23 668 1
23 669 1
23 670 1
23 671 1
23 672 1
23 673 1
23 674 1
21 675 0
23 675 1
23 676 1
23 677 1
23 678 1
23 679 1
23 680 1
23 681 1
23 682 1
23 683 1
21 684 0
23 684 1
23 685 1
23 686 1
23 687 1
23 688 1
23 689 1
23 690 1
23 691 1
23 692 1
21 693 0
23 693 1
23 694 1
23 695 1
23 696 1
23 697 1
23 698 1
23 699 1
23 700 1
23 701 1
21 702 0
23 702 1
23 703 1
23 704 1
23 705 1
23 706 1
23 707 1
23 708 1
23 709 1
23 710 1
21 711 0
23 711 1
23 712 1
23 713 1
23 714 1
23 715 1
23 716 1
23 717 1
23 718 1
23 719 1
21 720 0
23 720 1
24 720 2
23 721 1
24 721 2
23 722 1
24 722 2
23 723 1
24 723 2
23 724 1
24 724 2
23 725 1
24 725 2
23 726 1
24 726 2
23 727 1
24 727 2
23 728 1
24 728 2
23 729 3
23 729 4
23 730 3
23 730 4
23 731 3
23 731 4
23 732 3
23 732 4
23 733 3
23 733 4
23 734 3
23 734 4
23 735 3
23 735 4
23 736 3
23 736 4
23 737 3
23 737 4
22 737 5
23 738 4
23 739 4
23 740 4
23 741 4
23 742 4
23 743 4
23 744 4
23 745 4
23 746 4
22 746 5
23 747 4
23 748 4
23 749 4
23 750 4
23 751 4
23 752 4
23 753 4
23 754 4
23 755 4
22 755 5
23 756 4
23 757 4
23 758 4
23 759 4
23 760 4
23 761 4
23 762 4
23 763 4
23 764 4
22 764 5
23 765 4
23 766 4
23 767 4
23 768 4
23 769 4
23 770 4
23 771 4
23 772 4
23 773 4
22 773 5
23 774 4
23 775 4
23 776 4
23 777 4
23 778 4
23 779 4
23 780 4
23 781 4
23 782 4
22 782 5
23 783 4
23 784 4
23 785 4
23 786 4
23 787 4
23 788 4
23 789 4
23 790 4
23 791 4
22 791 5
23 792 4
23 793 4
23 794 4
23 795 4
23 796 4
23 797 4
23 798 4
23 799 4
23 800 4
22 800 5
23 801 2
23 801 4
23 802 2
23 802 4
23 803 2
23 803 4
23 804 2
23 804 4
23 805 2
23 805 4
23 806 2
23 806 4
23 807 2
23 807 4
23 808 2
23 808 4
23 809 2
23 809 4
22 809 5
23 810 3
23 811 3
23 812 3
23 813 3
23 814 3
23 815 3
23 816 3
23 817 3
23 818 3
22 818 5
22 827 5
22 836 5
22 845 5
22 854 5
22 863 5
22 872 5
22 881 5
23 882 2
23 883 2
23 884 2
23 885 2
23 886 2
23 887 2
23 888 2
23 889 2
23 890 2
22 890 5
23 891 3
23 892 3
23 893 3
23 894 3
23 895 3
23 896 3
23 897 3
23 898 3
23 899 3
22 899 5
22 908 5
22 917 5
22 926 5
22 935 5
22 944 5
22 953 5
22 962 5
23 963 2
23 964 2
23 965 2
23 966 2
23 967 2
23 968 2
23 969 2
23 970 2
23 971 2
22 971 5
23 972 3
23 973 3
23 974 3
23 975 3
23 976 3
23 977 3
23 978 3
23 979 3
23 980 3
22 980 5
22 989 5
22 998 5
22 1007 5
22 1016 5
22 1025 5
22 1034 5
22 1043 5
23 1044 2
23 1045 2
23 1046 2
23 1047 2
23 1048 2
23 1049 2
23 1050 2
23 1051 2
23 1052 2
22 1052 5
23 1053 3
23 1054 3
23 1055 3
23 1056 3
23 1057 3
23 1058 3
23 1059 3
23 1060 3
23 1061 3
22 1061 5
22 1070 5
22 1079 5
22 1088 5
22 1097 5
22 1106 5
22 1115 5
22 1124 5
23 1125 2
23 1126 2
23 1127 2
23 1128 2
23 1129 2
23 1130 2
23 1131 2
23 1132 2
23 1133 2
22 1133 5
23 1134 3
23 1135 3
23 1136 3
23 1137 3
23 1138 3
23 1139 3
23 1140 3
23 1141 3
23 1142 3
22 1142 5
22 1151 5
22 1160 5
22 1169 5
22 1178 5
22 1187 5
22 1196 5
22 1205 5
23 1206 2
23 1207 2
23 1208 2
23 1209 2
23 1210 2
23 1211 2
23 1212 2
23 1213 2
23 1214 2
22 1214 5
23 1215 3
23 1216 3
23 1217 3
23 1218 3
23 1219 3
23 1220 3
23 1221 3
23 1222 3
23 1223 3
22 1223 5
22 1232 5
22 1241 5
22 1250 5
22 1259 5
22 1268 5
22 1277 5
22 1286 5
23 1287 2
23 1288 2
23 1289 2
23 1290 2
23 1291 2
23 1292 2
23 1293 2
23 1294 2
23 1295 2
22 1295 5
23 1296 3
23 1297 3
23 1298 3
23 1299 3
23 1300 3
23 1301 3
23 1302 3
23 1303 3
23 1304 3
22 1304 5
22 1313 5
22 1322 5
22 1331 5
22 1340 5
22 1349 5
22 1358 5
22 1367 5
23 1368 2
23 1369 2
23 1370 2
23 1371 2
23 1372 2
23 1373 2
23 1374 2
23 1375 2
23 1376 2
22 1376 5
23 1377 1
23 1377 3
23 1378 1
23 1378 3
23 1379 1
23 1379 3
23 1380 1
23 1380 3
23 1381 1
23 1381 3
23 1382 1
23 1382 3
23 1383 1
23 1383 3
23 1384 1
23 1384 3
23 1385 1
23 1385 3
22 1385 5
23 1386 1
23 1387 1
23 1388 1
23 1389 1
23 1390 1
23 1391 1
23 1392 1
23 1393 1
23 1394 1
22 1394 5
23 1395 1
23 1396 1
23 1397 1
23 1398 1
23 1399 1
23 1400 1
23 1401 1
23 1402 1
23 1403 1
22 1403 5
23 1404 1
23 1405 1
23 1406 1
23 1407 1
23 1408 1
23 1409 1
23 1410 1
23 1411 1
23 1412 1
22 1412 5
23 1413 1
23 1414 1
23 1415 1
23 1416 1
23 1417 1
23 1418 1
23 1419 1
23 1420 1
23 1421 1
22 1421 5
23 1422 1
23 1423 1
23 1424 1
23 1425 1
23 1426 1
23 1427 1
23 1428 1
23 1429 1
23 1430 1
22 1430 5
23 1431 1
23 1432 1
23 1433 1
23 1434 1
23 1435 1
23 1436 1
23 1437 1
23 1438 1
23 1439 1
22 1439 5
23 1440 1
23 1441 1
23 1442 1
23 1443 1
23 1444 1
23 1445 1
23 1446 1
23 1447 1
23 1448 1
22 1448 5
23 1449 1
23 1449 2
23 1450 1
23 1450 2
23 1451 1
23 1451 2
23 1452 1
23 1452 2
23 1453 1
23 1453 2
23 1454 1
23 1454 2
23 1455 1
23 1455 2
23 1456 1
23 1456 2
23 1457 1
23 1457 2
22 1457 5
