1208 710
5 2 297 587 329 
5 2 333 588 332 
5 2 594 602 259 
5 2 349 602 594 
5 2 586 590 296 
5 2 331 591 589 
5 2 333 708 588 
5 2 587 709 329 
5 2 590 707 296 
5 2 331 706 591 
5 2 613 665 457 
5 2 436 677 621 
5 2 228 642 592 
5 2 407 667 614 
5 2 396 662 611 
5 2 495 631 597 
5 2 268 648 599 
5 2 272 626 593 
5 2 609 660 232 
5 2 357 623 596 
5 2 370 646 604 
5 2 601 622 266 
5 2 603 641 270 
5 2 215 636 600 
5 2 620 701 182 
5 2 421 697 619 
5 2 189 695 615 
5 2 618 698 175 
5 2 616 693 172 
5 2 414 694 617 
5 2 612 692 169 
5 2 610 690 164 
5 2 605 685 126 
5 2 20 680 595 
5 2 377 687 607 
5 2 606 686 152 
5 2 608 688 155 
5 2 598 681 143 
5 2 208 571 207 
5 2 437 439 239 
5 2 239 560 437 
5 2 435 560 254 
5 2 433 435 254 
5 2 437 560 435 
5 2 439 531 239 
5 2 292 531 442 
5 2 442 531 439 
5 2 442 444 292 
5 2 444 520 292 
5 2 429 431 276 
5 2 276 532 429 
5 2 39 558 38 
5 2 446 520 444 
5 2 31 585 30 
5 2 429 532 427 
5 2 229 520 446 
5 2 244 327 325 
5 2 427 532 216 
5 2 424 427 216 
5 2 446 448 229 
5 2 28 584 27 
5 2 43 498 42 
5 2 325 570 244 
5 2 420 422 291 
5 2 30 468 29 
5 2 30 585 468 
5 2 323 570 325 
5 2 45 546 44 
5 2 415 417 248 
5 2 248 499 415 
5 2 452 454 226 
5 2 415 499 413 
5 2 413 499 245 
5 2 410 413 245 
5 2 329 571 297 
5 2 49 469 48 
5 2 220 570 323 
5 2 50 566 49 
5 2 49 566 469 
5 2 27 584 467 
5 2 27 467 26 
5 2 404 406 284 
5 2 52 470 51 
5 2 220 323 321 
5 2 459 461 269 
5 2 52 563 470 
5 2 29 468 226 
5 2 53 563 52 
5 2 26 467 269 
5 2 463 476 461 
5 2 226 468 452 
5 2 273 476 463 
5 2 461 476 269 
5 2 254 558 433 
5 2 397 399 230 
5 2 244 571 327 
5 2 207 571 244 
5 2 230 544 397 
5 2 269 467 459 
5 2 431 558 276 
5 2 297 571 208 
5 2 465 536 273 
5 2 397 544 395 
5 2 321 515 220 
5 2 463 465 273 
5 2 276 558 39 
5 2 38 558 254 
5 2 395 544 243 
5 2 216 498 424 
5 2 393 395 243 
5 2 422 498 291 
5 2 291 546 420 
5 2 291 498 43 
5 2 42 498 216 
5 2 57 472 56 
5 2 319 515 321 
5 2 57 542 472 
5 2 229 585 31 
5 2 417 546 248 
5 2 58 542 57 
5 2 245 469 410 
5 2 44 546 291 
5 2 248 546 45 
5 2 48 469 245 
5 2 387 389 246 
5 2 448 585 229 
5 2 221 515 319 
5 2 226 584 28 
5 2 284 566 50 
5 2 60 522 59 
5 2 284 470 404 
5 2 51 470 284 
5 2 383 385 289 
5 2 406 566 284 
5 2 289 517 383 
5 2 221 319 317 
5 2 383 517 380 
5 2 230 563 53 
5 2 399 563 230 
5 2 380 517 234 
5 2 243 472 393 
5 2 378 380 234 
5 2 56 472 243 
5 2 234 549 378 
5 2 302 308 299 
5 2 378 549 376 
5 2 246 542 58 
5 2 246 522 387 
5 2 376 549 252 
5 2 454 584 226 
5 2 389 542 246 
5 2 59 522 246 
5 2 289 522 60 
5 2 373 376 252 
5 2 317 535 221 
5 2 385 522 289 
5 2 300 307 305 
5 2 95 304 218 
5 2 299 308 300 
5 2 96 304 95 
5 2 66 539 65 
5 2 327 571 329 
5 2 67 471 66 
5 2 471 539 66 
5 2 489 577 495 
5 2 300 305 304 
5 2 314 535 317 
5 2 213 559 486 
5 2 351 496 313 
5 2 9 331 8 
5 2 298 304 96 
5 2 97 298 96 
5 2 304 305 218 
5 2 489 559 293 
5 2 252 539 373 
5 2 484 490 213 
5 2 367 369 280 
5 2 312 579 313 
5 2 293 577 489 
5 2 486 559 489 
5 2 313 496 311 
5 2 214 553 116 
5 2 280 523 367 
5 2 480 490 484 
5 2 222 535 314 
5 2 213 486 484 
5 2 116 553 115 
5 2 201 535 222 
5 2 65 539 252 
5 2 260 582 580 
5 2 16 337 264 
5 2 367 523 365 
5 2 280 471 67 
5 2 354 475 359 
5 2 202 535 201 
5 2 307 309 305 
5 2 495 577 310 
5 2 513 518 510 
5 2 315 579 312 
5 2 112 332 111 
5 2 359 475 361 
5 2 369 471 280 
5 2 86 477 85 
5 2 363 365 247 
5 2 300 308 307 
5 2 510 518 509 
5 2 13 543 12 
5 2 365 523 247 
5 2 296 573 105 
5 2 346 519 344 
5 2 263 543 13 
5 2 433 558 431 
5 2 219 551 120 
5 2 266 477 86 
5 2 105 573 104 
5 2 227 490 480 
5 2 260 580 99 
5 2 309 310 306 
5 2 128 491 267 
5 2 363 516 360 
5 2 305 306 218 
5 2 247 516 363 
5 2 327 328 326 
5 2 129 491 128 
5 2 424 498 422 
5 2 525 572 565 
5 2 212 492 178 
5 2 204 515 203 
5 2 34 531 292 
5 2 84 501 83 
5 2 420 546 417 
5 2 178 492 177 
5 2 314 317 316 
5 2 301 303 302 
5 2 113 242 112 
5 2 253 562 139 
5 2 191 493 233 
5 2 72 358 231 
5 2 104 268 103 
5 2 135 555 134 
5 2 272 501 84 
5 2 261 568 511 
5 2 278 548 141 
5 2 24 476 273 
5 2 35 531 34 
5 2 134 555 228 
5 2 518 583 582 
5 2 354 359 358 
5 2 258 298 97 
5 2 120 551 119 
5 2 131 538 130 
5 2 345 351 348 
5 2 574 576 530 
5 2 187 533 186 
5 2 314 316 315 
5 2 241 561 124 
5 2 344 519 196 
5 2 305 309 306 
5 2 203 515 221 
5 2 93 569 293 
5 2 352 358 73 
5 2 137 540 136 
5 2 141 548 140 
5 2 565 572 507 
5 2 358 359 231 
5 2 200 311 199 
5 2 124 561 123 
5 2 74 352 73 
5 2 371 471 369 
5 2 113 581 242 
5 2 77 529 223 
5 2 388 390 389 
5 2 90 490 89 
5 2 411 414 413 
5 2 101 509 100 
5 2 139 562 138 
5 2 256 533 187 
5 2 261 510 509 
5 2 374 377 376 
5 2 290 545 158 
5 2 243 544 55 
5 2 268 568 103 
5 2 37 560 36 
5 2 75 217 74 
5 2 146 521 145 
5 2 526 530 529 
5 2 222 311 200 
5 2 528 530 526 
5 2 265 331 9 
5 2 130 538 270 
5 2 252 549 64 
5 2 94 569 93 
5 2 360 516 231 
5 2 71 516 70 
5 2 192 493 191 
5 2 251 552 167 
5 2 455 456 454 
5 2 582 583 303 
5 2 354 358 352 
5 2 245 499 47 
5 2 217 352 74 
5 2 569 577 293 
5 2 447 449 448 
5 2 159 290 158 
5 2 283 500 162 
5 2 311 496 199 
5 2 54 230 53 
5 2 63 234 62 
5 2 142 278 141 
5 2 148 534 147 
5 2 150 497 149 
5 2 157 238 156 
5 2 166 237 165 
5 2 287 556 185 
5 2 222 312 311 
5 2 40 532 276 
5 2 56 243 55 
5 2 100 509 260 
5 2 168 251 167 
5 2 174 240 173 
5 2 191 233 190 
5 2 193 225 192 
5 2 486 487 485 
5 2 506 567 564 
5 2 47 499 46 
5 2 224 496 351 
5 2 65 252 64 
5 2 228 338 133 
5 2 249 497 150 
5 2 161 257 160 
5 2 292 520 33 
5 2 136 540 236 
5 2 484 486 485 
5 2 61 289 60 
5 2 179 550 212 
5 2 220 515 204 
5 2 180 550 179 
5 2 36 560 239 
5 2 51 284 50 
5 2 79 524 78 
5 2 123 561 286 
5 2 361 362 360 
5 2 12 543 271 
5 2 14 541 263 
5 2 154 285 153 
5 2 453 455 454 
5 2 480 482 481 
5 2 254 560 37 
5 2 185 556 184 
5 2 224 351 345 
5 2 41 532 40 
5 2 69 523 68 
5 2 529 530 223 
5 2 481 483 479 
5 2 257 537 160 
5 2 227 480 479 
5 2 473 475 354 
5 2 109 295 108 
5 2 205 570 220 
5 2 512 513 510 
5 2 145 521 255 
5 2 103 568 102 
5 2 391 542 389 
5 2 457 460 459 
5 2 18 578 17 
5 2 425 428 427 
5 2 502 504 503 
5 2 321 323 322 
5 2 409 412 411 
5 2 434 436 435 
5 2 449 450 448 
5 2 206 570 205 
5 2 224 345 344 
5 2 438 441 440 
5 2 398 399 397 
5 2 421 423 422 
5 2 460 461 459 
5 2 61 517 289 
5 2 323 325 324 
5 2 359 361 360 
5 2 464 466 465 
5 2 486 489 487 
5 2 207 244 206 
5 2 436 438 437 
5 2 440 443 442 
5 2 451 453 452 
5 2 225 493 192 
5 2 224 344 197 
5 2 345 347 346 
5 2 416 418 417 
5 2 117 554 214 
5 2 133 338 132 
5 2 177 492 275 
5 2 197 344 196 
5 2 530 576 223 
5 2 356 474 473 
5 2 370 372 371 
5 2 462 463 461 
5 2 6 294 5 
5 2 46 499 248 
5 2 73 358 72 
5 2 167 552 166 
5 2 355 356 353 
5 2 379 381 380 
5 2 421 422 420 
5 2 428 430 429 
5 2 140 548 253 
5 2 161 500 257 
5 2 64 549 63 
5 2 118 554 117 
5 2 158 545 157 
5 2 353 354 352 
5 2 445 447 446 
5 2 502 508 504 
5 2 55 544 54 
5 2 377 378 376 
5 2 381 383 380 
5 2 384 386 385 
5 2 390 391 389 
5 2 470 563 401 
5 2 423 425 424 
5 2 377 379 378 
5 2 398 400 399 
5 2 239 531 35 
5 2 102 568 261 
5 2 368 370 369 
5 2 480 484 482 
5 2 83 501 274 
5 2 184 250 183 
5 2 186 533 287 
5 2 353 473 354 
5 2 362 363 360 
5 2 370 371 369 
5 2 472 542 391 
5 2 418 420 417 
5 2 438 440 439 
5 2 159 537 290 
5 2 181 279 180 
5 2 372 374 373 
5 2 394 395 393 
5 2 414 415 413 
5 2 564 567 81 
5 2 390 392 391 
5 2 414 416 415 
5 2 430 431 429 
5 2 77 223 76 
5 2 166 552 237 
5 2 279 550 180 
5 2 319 321 320 
5 2 364 365 363 
5 2 407 408 406 
5 2 33 520 32 
5 2 32 520 229 
5 2 54 544 230 
5 2 138 562 288 
5 2 345 348 347 
5 2 19 262 18 
5 2 157 545 238 
5 2 359 360 231 
5 2 300 304 298 
5 2 368 369 367 
5 2 392 394 393 
5 2 445 446 444 
5 2 526 529 524 
5 2 17 337 16 
5 2 63 549 234 
5 2 121 330 219 
5 2 210 538 131 
5 2 162 500 161 
5 2 319 320 318 
5 2 339 341 340 
5 2 407 409 408 
5 2 505 507 506 
5 2 16 264 15 
5 2 25 476 24 
5 2 87 266 86 
5 2 149 497 281 
5 2 374 376 373 
5 2 434 435 433 
5 2 453 454 452 
5 2 216 532 41 
5 2 235 524 79 
5 2 405 406 404 
5 2 70 516 247 
5 2 75 547 217 
5 2 222 314 312 
5 2 235 525 524 
5 2 29 226 28 
5 2 32 229 31 
5 2 72 231 71 
5 2 80 235 79 
5 2 83 274 82 
5 2 85 272 84 
5 2 89 227 88 
5 2 91 213 90 
5 2 95 218 94 
5 2 98 258 97 
5 2 100 260 99 
5 2 102 261 101 
5 2 140 253 139 
5 2 177 275 176 
5 2 381 384 383 
5 2 430 432 431 
5 2 460 462 461 
5 2 68 523 280 
5 2 115 215 114 
5 2 117 214 116 
5 2 119 211 118 
5 2 121 219 120 
5 2 123 286 122 
5 2 128 267 127 
5 2 130 270 129 
5 2 134 228 133 
5 2 136 236 135 
5 2 145 255 144 
5 2 147 277 146 
5 2 186 287 185 
5 2 188 256 187 
5 2 387 522 385 
5 2 480 481 479 
5 2 525 526 524 
5 2 525 527 526 
5 2 24 273 23 
5 2 106 296 105 
5 2 236 555 135 
5 2 147 534 277 
5 2 198 224 197 
5 2 201 222 200 
5 2 203 221 202 
5 2 205 220 204 
5 2 209 297 208 
5 2 394 396 395 
5 2 396 397 395 
5 2 400 402 401 
5 2 432 434 433 
5 2 443 445 444 
5 2 455 457 456 
5 2 527 528 526 
5 2 14 263 13 
5 2 48 245 47 
5 2 59 246 58 
5 2 62 517 61 
5 2 70 247 69 
5 2 85 477 272 
5 2 277 521 146 
5 2 195 232 194 
5 2 217 353 352 
5 2 347 349 346 
5 2 379 380 378 
5 2 10 265 9 
5 2 12 271 11 
5 2 151 249 150 
5 2 232 557 194 
5 2 447 448 446 
5 2 179 212 178 
5 2 388 389 387 
5 2 524 529 78 
5 2 81 567 80 
5 2 227 478 88 
5 2 125 241 124 
5 2 338 339 210 
5 2 402 405 404 
5 2 409 411 410 
5 2 411 413 410 
5 2 416 419 418 
5 2 432 433 431 
5 2 505 506 503 
5 2 38 254 37 
5 2 104 573 268 
5 2 306 569 218 
5 2 489 495 487 
5 2 26 269 25 
5 2 386 387 385 
5 2 400 401 399 
5 2 416 417 415 
5 2 449 451 450 
5 2 76 547 75 
5 2 355 357 356 
5 2 423 424 422 
5 2 22 259 21 
5 2 36 239 35 
5 2 247 523 69 
5 2 213 490 90 
5 2 211 554 118 
5 2 384 385 383 
5 2 428 429 427 
5 2 270 491 129 
5 2 484 485 482 
5 2 325 327 326 
5 2 371 539 471 
5 2 217 355 353 
5 2 405 407 406 
5 2 409 410 408 
5 2 438 439 437 
5 2 40 276 39 
5 2 231 516 71 
5 2 392 393 391 
5 2 115 553 215 
5 2 425 427 424 
5 2 436 437 435 
5 2 44 291 43 
5 2 234 517 62 
5 2 82 564 81 
5 2 323 324 322 
5 2 356 473 353 
5 2 372 373 371 
5 2 528 574 530 
5 2 46 248 45 
5 2 345 346 344 
5 2 34 292 33 
5 2 42 216 41 
5 2 502 503 274 
5 2 312 313 311 
5 2 402 404 401 
5 2 366 367 365 
5 2 440 442 439 
5 2 288 540 137 
5 2 348 350 347 
5 2 423 426 425 
5 2 504 505 503 
5 2 138 288 137 
5 2 281 534 148 
5 2 398 403 400 
5 2 452 468 450 
5 2 261 509 101 
5 2 443 444 442 
5 2 78 529 77 
5 2 87 478 266 
5 2 89 490 227 
5 2 261 511 510 
5 2 327 329 328 
5 2 404 470 401 
5 2 451 452 450 
5 2 262 578 18 
5 2 163 283 162 
5 2 379 382 381 
5 2 242 332 112 
5 2 160 537 159 
5 2 418 421 420 
5 2 410 469 408 
5 2 68 280 67 
5 2 223 547 76 
5 2 184 556 250 
5 2 317 318 316 
5 2 362 364 363 
5 2 525 565 527 
5 2 171 282 170 
5 2 364 366 365 
5 2 373 539 371 
5 2 401 563 399 
5 2 149 281 148 
5 2 393 472 391 
5 2 341 343 340 
5 2 501 502 274 
5 2 269 476 25 
5 2 218 569 94 
5 2 132 210 131 
5 2 339 342 341 
5 2 366 368 367 
5 2 487 488 485 
5 2 235 572 525 
5 2 242 333 332 
5 2 464 465 463 
5 2 372 375 374 
5 2 453 458 455 
5 2 93 293 92 
5 2 317 319 318 
5 2 507 572 506 
5 2 503 564 274 
5 2 198 496 224 
5 2 506 564 503 
5 2 339 340 210 
5 2 313 494 351 
5 2 273 536 23 
5 2 132 338 210 
5 2 396 398 397 
5 2 299 300 298 
5 2 15 541 14 
5 2 386 388 387 
5 2 258 301 299 
5 2 321 322 320 
5 2 122 330 121 
5 2 194 557 193 
5 2 227 479 478 
5 2 509 518 260 
5 2 334 335 333 
5 2 513 583 518 
5 2 221 535 202 
5 2 80 567 235 
5 2 459 467 456 
5 2 457 459 456 
5 2 511 514 512 
5 2 340 538 210 
5 2 217 547 355 
5 2 88 478 87 
5 2 193 557 225 
5 2 199 496 198 
5 2 264 541 15 
5 2 357 576 574 
5 2 506 572 567 
5 2 462 464 463 
5 2 119 551 211 
5 2 408 566 406 
5 2 293 559 92 
5 2 286 330 122 
5 2 351 494 348 
5 2 469 566 408 
5 2 274 564 82 
5 2 244 570 206 
5 2 242 334 333 
5 2 306 577 569 
5 2 223 576 547 
5 2 114 581 113 
5 2 325 326 324 
5 2 334 336 335 
5 2 91 559 213 
5 2 310 577 306 
5 2 511 512 510 
5 2 314 315 312 
5 2 258 299 298 
5 2 17 578 337 
5 2 22 536 259 
5 2 313 579 494 
5 2 196 519 195 
5 2 271 575 11 
5 2 92 559 91 
5 2 355 576 357 
5 2 547 576 355 
5 2 23 536 22 
5 2 301 302 299 
5 2 195 519 232 
5 2 242 581 334 
5 2 580 582 301 
5 2 567 572 235 
5 2 11 575 10 
5 2 10 575 265 
5 2 215 581 114 
5 2 258 580 301 
5 2 301 582 303 
5 2 450 585 448 
5 2 518 582 260 
5 2 99 580 98 
5 2 468 585 450 
5 2 98 580 258 
5 2 456 584 454 
5 2 467 584 456 
5 2 108 586 107 
5 2 5 587 4 
5 2 110 588 109 
5 2 7 589 6 
5 2 349 594 466 
5 2 508 593 342 
5 2 466 609 349 
5 2 342 592 508 
5 2 343 601 483 
5 2 483 603 343 
5 2 514 599 336 
5 2 336 600 514 
5 2 488 685 605 
5 2 619 697 240 
5 2 615 695 458 
5 2 474 681 598 
5 2 595 680 350 
5 2 617 694 282 
5 2 607 687 285 
5 2 375 686 606 
5 2 382 688 608 
5 2 441 701 620 
5 2 403 690 610 
5 2 412 692 612 
5 2 419 693 616 
5 2 426 698 618 
5 2 599 648 336 
5 2 592 642 508 
5 2 597 631 241 
5 2 621 677 279 
5 2 233 665 613 
5 2 593 626 342 
5 2 604 646 249 
5 2 611 662 283 
5 2 614 667 251 
5 2 596 623 278 
5 2 466 660 609 
5 2 343 622 601 
5 2 483 641 603 
5 2 600 636 514 
5 2 466 594 465 
5 2 536 594 259 
5 2 228 592 338 
5 2 502 593 508 
5 2 20 595 19 
5 2 272 593 501 
5 2 357 596 356 
5 2 144 598 143 
5 2 127 605 126 
5 2 483 601 479 
5 2 370 604 372 
5 2 538 603 270 
5 2 495 597 487 
5 2 347 602 349 
5 2 455 613 457 
5 2 349 609 346 
5 2 478 601 266 
5 2 268 599 568 
5 2 339 592 342 
5 2 153 606 152 
5 2 343 603 340 
5 2 156 608 155 
5 2 377 607 379 
5 2 511 599 514 
5 2 165 610 164 
5 2 189 615 188 
5 2 396 611 398 
5 2 170 612 169 
5 2 519 609 232 
5 2 173 616 172 
5 2 215 600 581 
5 2 407 614 409 
5 2 334 600 336 
5 2 414 617 416 
5 2 421 619 423 
5 2 176 618 175 
5 2 183 620 182 
5 2 436 621 438 
5 2 348 683 350 
5 2 488 684 485 
5 2 474 682 473 
5 2 142 681 278 
5 2 151 686 249 
5 2 259 680 21 
5 2 125 685 241 
5 2 382 689 381 
5 2 154 688 285 
5 2 375 687 374 
5 2 163 690 283 
5 2 403 691 400 
5 2 168 692 251 
5 2 441 700 440 
5 2 171 693 282 
5 2 412 694 411 
5 2 233 695 190 
5 2 419 697 418 
5 2 426 699 425 
5 2 174 698 240 
5 2 453 696 458 
5 2 181 701 279 
5 2 295 586 108 
5 2 294 587 5 
5 2 109 588 295 
5 2 6 589 294 
5 2 8 702 1 
5 2 1 702 7 
5 2 2 705 106 
5 2 0 704 209 
5 2 4 704 0 
5 2 107 705 2 
5 2 111 703 3 
5 2 3 703 110 
5 2 350 683 595 
5 2 278 681 596 
5 2 598 682 474 
5 2 605 684 488 
5 2 602 680 259 
5 2 241 685 597 
5 2 249 686 604 
5 2 606 687 375 
5 2 285 688 607 
5 2 608 689 382 
5 2 283 690 611 
5 2 610 691 403 
5 2 251 692 614 
5 2 612 694 412 
5 2 613 695 233 
5 2 282 693 617 
5 2 616 697 419 
5 2 618 699 426 
5 2 458 696 615 
5 2 620 700 441 
5 2 240 698 619 
5 2 279 701 621 
5 2 465 594 536 
5 2 501 593 502 
5 2 356 596 474 
5 2 338 592 339 
5 2 19 595 262 
5 2 479 601 478 
5 2 255 598 144 
5 2 487 597 488 
5 2 350 602 347 
5 2 340 603 538 
5 2 372 604 375 
5 2 568 599 511 
5 2 267 605 127 
5 2 285 606 153 
5 2 581 600 334 
5 2 379 607 382 
5 2 238 608 156 
5 2 346 609 519 
5 2 398 611 403 
5 2 237 610 165 
5 2 458 613 455 
5 2 282 612 170 
5 2 409 614 412 
5 2 188 615 256 
5 2 240 616 173 
5 2 416 617 419 
5 2 275 618 176 
5 2 423 619 426 
5 2 250 620 183 
5 2 438 621 441 
5 2 296 707 573 
5 2 265 706 331 
5 2 630 682 255 
5 2 262 683 651 
5 2 654 689 238 
5 2 649 684 267 
5 2 666 691 237 
5 2 256 696 669 
5 2 673 699 275 
5 2 674 700 250 
5 2 219 652 650 
5 2 650 652 308 
5 2 481 649 641 
5 2 512 636 634 
5 2 641 649 491 
5 2 634 636 553 
5 2 336 648 335 
5 2 310 645 631 
5 2 507 629 624 
5 2 219 650 551 
5 2 307 647 309 
5 2 253 635 628 
5 2 337 653 264 
5 2 628 635 528 
5 2 624 629 540 
5 2 361 630 627 
5 2 627 630 521 
5 2 309 645 310 
5 2 668 672 543 
5 2 214 634 553 
5 2 656 661 541 
5 2 555 642 228 
5 2 266 622 477 
5 2 505 629 507 
5 2 341 626 622 
5 2 622 626 477 
5 2 322 672 668 
5 2 482 649 481 
5 2 678 679 575 
5 2 475 630 361 
5 2 288 639 624 
5 2 548 635 253 
5 2 288 624 540 
5 2 318 661 656 
5 2 514 636 512 
5 2 309 647 645 
5 2 527 628 528 
5 2 578 651 644 
5 2 632 638 364 
5 2 653 656 264 
5 2 534 638 632 
5 2 583 640 625 
5 2 302 650 308 
5 2 562 639 288 
5 2 277 627 521 
5 2 236 633 555 
5 2 631 645 561 
5 2 574 623 357 
5 2 270 641 491 
5 2 633 642 555 
5 2 342 626 341 
5 2 241 631 561 
5 2 513 640 583 
5 2 362 632 364 
5 2 551 637 211 
5 2 310 631 495 
5 2 281 638 534 
5 2 341 622 343 
5 2 477 626 272 
5 2 643 646 368 
5 2 361 627 362 
5 2 634 640 513 
5 2 278 623 548 
5 2 540 629 236 
5 2 253 628 562 
5 2 579 651 494 
5 2 504 633 505 
5 2 497 646 643 
5 2 644 651 579 
5 2 521 630 255 
5 2 211 625 554 
5 2 624 639 565 
5 2 507 624 565 
5 2 534 632 277 
5 2 625 640 554 
5 2 249 646 497 
5 2 366 643 368 
5 2 330 652 219 
5 2 303 637 302 
5 2 497 643 281 
5 2 512 634 513 
5 2 583 625 303 
5 2 364 638 366 
5 2 368 646 370 
5 2 491 649 267 
5 2 528 635 574 
5 2 214 640 634 
5 2 481 641 483 
5 2 565 639 527 
5 2 508 642 504 
5 2 504 642 633 
5 2 264 656 541 
5 2 623 635 548 
5 2 281 643 638 
5 2 578 644 337 
5 2 638 643 366 
5 2 574 635 623 
5 2 277 632 627 
5 2 627 632 362 
5 2 316 656 653 
5 2 286 647 330 
5 2 628 639 562 
5 2 308 652 307 
5 2 561 645 286 
5 2 262 651 578 
5 2 527 639 628 
5 2 554 640 214 
5 2 315 644 579 
5 2 316 653 315 
5 2 505 633 629 
5 2 573 648 268 
5 2 551 650 637 
5 2 263 668 543 
5 2 553 636 215 
5 2 326 679 678 
5 2 645 647 286 
5 2 629 633 236 
5 2 320 661 318 
5 2 654 655 386 
5 2 384 654 386 
5 2 318 656 316 
5 2 545 655 654 
5 2 545 654 238 
5 2 386 655 388 
5 2 388 657 390 
5 2 290 655 545 
5 2 655 657 388 
5 2 290 657 655 
5 2 537 657 290 
5 2 211 637 625 
5 2 625 637 303 
5 2 541 661 263 
5 2 657 658 390 
5 2 390 658 392 
5 2 537 658 657 
5 2 307 652 647 
5 2 232 660 557 
5 2 500 659 257 
5 2 257 658 537 
5 2 392 659 394 
5 2 257 659 658 
5 2 394 662 396 
5 2 460 665 663 
5 2 637 650 302 
5 2 500 662 659 
5 2 659 662 394 
5 2 647 652 330 
5 2 658 659 392 
5 2 660 664 557 
5 2 283 662 500 
5 2 462 664 464 
5 2 464 660 466 
5 2 557 664 225 
5 2 663 665 493 
5 2 464 664 660 
5 2 225 663 493 
5 2 324 672 322 
5 2 460 663 462 
5 2 457 665 460 
5 2 271 678 575 
5 2 663 664 462 
5 2 225 664 663 
5 2 552 666 237 
5 2 552 667 666 
5 2 644 653 337 
5 2 402 666 405 
5 2 315 653 644 
5 2 405 667 407 
5 2 493 665 233 
5 2 251 667 552 
5 2 666 667 405 
5 2 322 668 320 
5 2 449 669 451 
5 2 449 670 669 
5 2 661 668 263 
5 2 256 669 533 
5 2 673 675 430 
5 2 328 679 326 
5 2 447 670 449 
5 2 669 670 533 
5 2 543 672 271 
5 2 445 674 671 
5 2 287 671 556 
5 2 445 671 447 
5 2 430 675 432 
5 2 671 674 556 
5 2 492 675 673 
5 2 447 671 670 
5 2 428 673 430 
5 2 533 670 287 
5 2 670 671 287 
5 2 550 676 212 
5 2 550 677 676 
5 2 212 675 492 
5 2 492 673 275 
5 2 556 674 250 
5 2 443 674 445 
5 2 279 677 550 
5 2 320 668 661 
5 2 432 676 434 
5 2 676 677 434 
5 2 434 677 436 
5 2 212 676 675 
5 2 675 676 432 
5 2 326 678 324 
5 2 575 679 265 
5 2 672 678 271 
5 2 324 678 672 
5 2 475 682 630 
5 2 651 683 494 
5 2 384 689 654 
5 2 482 684 649 
5 2 402 691 666 
5 2 669 696 451 
5 2 428 699 673 
5 2 443 700 674 
5 2 21 680 20 
5 2 143 681 142 
5 2 473 682 475 
5 2 494 683 348 
5 2 485 684 482 
5 2 126 685 125 
5 2 152 686 151 
5 2 374 687 377 
5 2 155 688 154 
5 2 381 689 384 
5 2 164 690 163 
5 2 400 691 402 
5 2 169 692 168 
5 2 411 694 414 
5 2 172 693 171 
5 2 190 695 189 
5 2 451 696 453 
5 2 175 698 174 
5 2 418 697 421 
5 2 425 699 428 
5 2 440 700 443 
5 2 182 701 181 
5 2 295 590 586 
5 2 589 591 294 
5 2 329 709 328 
5 2 335 708 333 
5 2 588 708 295 
5 2 294 709 587 
5 2 595 683 262 
5 2 596 681 474 
5 2 255 682 598 
5 2 597 685 488 
5 2 350 680 602 
5 2 604 686 375 
5 2 267 684 605 
5 2 285 687 606 
5 2 607 688 382 
5 2 238 689 608 
5 2 611 690 403 
5 2 237 691 610 
5 2 282 694 612 
5 2 614 692 412 
5 2 458 695 613 
5 2 615 696 256 
5 2 240 697 616 
5 2 617 693 419 
5 2 275 699 618 
5 2 619 698 426 
5 2 250 700 620 
5 2 621 701 441 
5 2 328 709 591 
5 2 590 708 335 
5 2 110 703 588 
5 2 586 705 107 
5 2 7 702 589 
5 2 587 704 4 
5 2 331 702 8 
5 2 332 703 111 
5 2 106 705 296 
5 2 209 704 297 
5 2 588 703 332 
5 2 297 704 587 
5 2 296 705 586 
5 2 589 702 331 
5 2 335 707 590 
5 2 591 706 328 
5 2 648 707 335 
5 2 328 706 679 
5 2 295 708 590 
5 2 591 709 294 
5 2 573 707 648 
5 2 679 706 265 
