210
7 8 3
7 12 3
7 13 3
7 15 3
7 16 1
7 17 3
8 22 0
7 25 3
7 28 3
7 31 1
7 32 3
7 33 3
7 35 3
7 41 3
7 45 3
7 49 3
7 51 0
7 57 3
7 64 0
7 65 2
8 68 1
7 71 1
8 72 3
7 73 0
7 78 1
8 79 0
8 80 3
7 82 3
8 83 1
7 84 1
8 85 1
7 86 1
8 87 1
8 88 2
7 89 1
8 90 3
7 91 1
8 92 0
8 93 1
7 94 3
7 95 1
8 96 3
7 97 3
7 99 1
8 101 3
8 103 3
7 104 2
8 107 2
8 108 0
8 109 3
8 110 2
7 111 3
7 112 1
8 113 3
8 114 1
7 121 3
8 122 3
8 129 3
8 130 3
7 131 3
7 132 3
8 133 3
8 135 3
7 138 1
7 139 3
8 140 1
7 142 1
8 143 3
7 146 3
7 148 1
7 149 1
7 150 1
7 151 1
7 152 2
7 153 2
7 154 2
8 155 1
7 157 3
8 158 1
8 159 1
8 160 1
8 161 1
8 162 1
8 166 3
8 167 3
8 168 2
8 169 2
8 170 2
7 176 1
7 177 1
7 178 1
7 179 1
8 180 3
7 183 1
8 184 1
8 186 1
7 187 3
8 188 1
7 192 1
7 193 0
7 200 1
7 203 1
7 204 3
7 205 0
8 206 3
8 209 3
7 216 1
7 217 3
8 219 3
7 222 1
7 223 3
7 224 1
7 229 1
7 231 1
7 232 1
8 237 1
7 239 0
7 241 1
7 242 0
7 243 0
7 248 3
8 249 1
8 250 3
8 251 1
7 254 1
7 255 3
8 256 3
8 262 1
7 265 3
7 266 0
8 267 1
7 272 2
8 276 0
7 279 3
8 280 3
7 283 1
8 286 1
8 287 2
8 291 0
7 292 3
7 295 2
8 296 0
8 297 2
7 298 3
8 300 3
8 301 3
7 304 3
8 305 0
8 308 1
7 310 0
7 315 3
8 317 2
7 318 3
7 319 2
7 322 1
8 324 0
7 327 3
8 328 3
7 332 2
7 334 0
8 342 1
8 343 1
8 351 1
8 353 1
8 355 1
8 356 1
8 358 1
8 360 1
8 361 1
7 364 3
9 372 3
9 373 3
6 374 0
6 375 2
7 375 3
8 376 0
6 376 1
7 377 0
9 377 1
9 378 2
8 378 3
7 394 3
8 396 3
8 402 3
8 403 3
8 406 3
8 409 3
8 411 3
8 413 3
8 414 3
8 416 3
8 418 3
7 535 1
8 536 1
8 540 1
8 541 1
8 543 1
8 545 1
8 547 1
8 549 1
8 550 1
8 552 1
8 556 1
9 583 3
6 584 0
6 585 3
7 586 3
8 587 3
7 588 0
8 589 0
