708
0 0 0
0.0005 0 0
0.0005 0.01 0
0 0.01 0
0.0001 0 0
0.0002 0 0
0.0003 0 0
0.0004 0 0
0.0005 0.0001 0
0.0005 0.0002 0
0.0005 0.0003 0
0.0005 0.0004 0
0.0005 0.0005 0
0.0005 0.0006 0
0.0005 0.0007 0
0.0005 0.0008 0
0.0005 0.0009 0
0.0005 0.001 0
0.0005 0.0011 0
0.0005 0.0012 0
0.0005 0.0013 0
0.0005 0.0014 0
0.0005 0.0015 0
0.0005 0.0016 0
0.0005 0.0017 0
0.0005 0.0018 0
0.0005 0.0019 0
0.0005 0.002 0
0.0005 0.0021 0
0.0005 0.0022 0
0.0005 0.0023 0
0.0005 0.0024 0
0.0005 0.0025 0
0.0005 0.0026 0
0.0005 0.0027 0
0.0005 0.0028 0
0.0005 0.0029 0
0.0005 0.003 0
0.0005 0.0031 0
0.0005 0.0032 0
0.0005 0.0033 0
0.0005 0.0034 0
0.0005 0.0035 0
0.0005 0.0036 0
0.0005 0.0037 0
0.0005 0.0038 0
0.0005 0.0039 0
0.0005 0.004 0
0.0005 0.0041 0
0.0005 0.0042 0
0.0005 0.0043 0
0.0005 0.0044 0
0.0005 0.0045 0
0.0005 0.0046 0
0.0005 0.0047 0
0.0005 0.0048 0
0.0005 0.0049 0
0.0005 0.005 0
0.0005 0.0051 0
0.0005 0.0052 0
0.0005 0.0053 0
0.0005 0.0054 0
0.0005 0.0055 0
0.0005 0.0056 0
0.0005 0.0057 0
0.0005 0.0058 0
0.0005 0.0059 0
0.0005 0.006 0
0.0005 0.0061 0
0.0005 0.0062 0
0.0005 0.0063 0
0.0005 0.0064 0
0.0005 0.0065 0
0.0005 0.0066 0
0.0005 0.0067 0
0.0005 0.0068 0
0.0005 0.0069 0
0.0005 0.007 0
0.0005 0.0071 0
0.0005 0.0072 0
0.0005 0.0073 0
0.0005 0.0074 0
0.0005 0.0075 0
0.0005 0.0076 0
0.0005 0.0077 0
0.0005 0.0078 0
0.0005 0.0079 0
0.0005 0.008 0
0.0005 0.0081 0
0.0005 0.0082 0
0.0005 0.0083 0
0.0005 0.0084 0
0.0005 0.0085 0
0.0005 0.0086 0
0.0005 0.0087 0
0.0005 0.0088 0
0.0005 0.0089 0
0.0005 0.009 0
0.0005 0.0091 0
0.0005 0.0092 0
0.0005 0.0093 0
0.0005 0.0094 0
0.0005 0.0095 0
0.0005 0.0096 0
0.0005 0.0097 0
0.0005 0.0098 0
0.0005 0.0099 0
0.0004 0.01 0
0.0003 0.01 0
0.0002 0.01 0
0.0001 0.01 0
0 0.0099 0
0 0.0098 0
0 0.0097 0
0 0.0096 0
0 0.0095 0
0 0.0094 0
0 0.0093 0
0 0.0092 0
0 0.0091 0
0 0.009 0
0 0.0089 0
0 0.0088 0
0 0.0087 0
0 0.0086 0
0 0.0085 0
0 0.0084 0
0 0.0083 0
0 0.0082 0
0 0.0081 0
0 0.008 0
0 0.0079 0
0 0.0078 0
0 0.0077 0
0 0.0076 0
0 0.0075 0
0 0.0074 0
0 0.0073 0
0 0.0072 0
0 0.0071 0
0 0.007 0
0 0.0069 0
0 0.0068 0
0 0.0067 0
0 0.0066 0
0 0.0065 0
0 0.0064 0
0 0.0063 0
0 0.0062 0
0 0.0061 0
0 0.006 0
0 0.0059 0
0 0.0058 0
0 0.0057 0
0 0.0056 0
0 0.0055 0
0 0.0054 0
0 0.0053 0
0 0.0052 0
0 0.0051 0
0 0.005 0
0 0.0049 0
0 0.0048 0
0 0.0047 0
0 0.0046 0
0 0.0045 0
0 0.0044 0
0 0.0043 0
0 0.0042 0
0 0.0041 0
0 0.004 0
0 0.0039 0
0 0.0038 0
0 0.0037 0
0 0.0036 0
0 0.0035 0
0 0.0034 0
0 0.0033 0
0 0.0032 0
0 0.0031 0
0 0.003 0
0 0.0029 0
0 0.0028 0
0 0.0027 0
0 0.0026 0
0 0.0025 0
0 0.0024 0
0 0.0023 0
0 0.0022 0
0 0.0021 0
0 0.002 0
0 0.0019 0
0 0.0018 0
0 0.0017 0
0 0.0016 0
0 0.0015 0
0 0.0014 0
0 0.0013 0
0 0.0012 0
0 0.0011 0
0 0.001 0
0 0.0009 0
0 0.0008 0
0 0.0007 0
0 0.0006 0
0 0.0005 0
0 0.0004 0
0 0.0003 0
0 0.0002 0
0 0.0001 0
8.48413e-05 0.00784784 0
8.20458e-05 0.00914697 0
8.18143e-05 0.00314115 0
0.000414397 0.00832554 0
8.24492e-05 0.00934718 0
8.27108e-05 0.00954726 0
0.00041432 0.00349642 0
0.000414116 0.00679914 0
0.000414004 0.00872611 0
8.19285e-05 0.00894683 0
8.6204e-05 0.000603412 0
8.58901e-05 0.000804895 0
8.59432e-05 0.00100484 0
0.000414192 0.00699846 0
8.51472e-05 0.00130467 0
8.08424e-05 0.00180312 0
0.000411396 0.00218216 0
0.000414774 0.00812763 0
8.47974e-05 0.00764434 0
0.000409741 0.0024946 0
0.000414308 0.0046962 0
0.000414079 0.00649979 0
8.27071e-05 0.00160452 0
7.45768e-05 0.00196522 0
0.000414301 0.00559635 0
0.000414286 0.00729768 0
8.26731e-05 0.00744162 0
8.15626e-05 0.00444066 0
8.16777e-05 0.00534067 0
0.00041431 0.00289645 0
8.11148e-05 0.00363985 0
8.15588e-05 0.00854644 0
8.00361e-05 0.00974596 0
0.00041428 0.00489601 0
8.56516e-05 0.000400917 0
0.000414303 0.00409586 0
0.000414339 0.00519639 0
0.000414174 0.00629786 0
0.000414288 0.00389629 0
8.14765e-05 0.00594011 0
8.17623e-05 0.00264094 0
8.1482e-05 0.00424018 0
0.00041429 0.00579618 0
8.18326e-05 0.00704135 0
0.000414316 0.00309654 0
8.1699e-05 0.00654121 0
0.000109448 0.00223535 0
8.18338e-05 0.00494097 0
0.000414002 0.00902713 0
0.000416892 0.00148209 0
0.000414201 0.00922671 0
0.000414995 0.00942713 0
0.000418197 0.00118359 0
0.000417662 0.000679239 0
0.000418015 0.000884551 0
0.000416185 0.000273382 0
0.000412939 0.00793639 0
8.17781e-05 0.00824719 0
0.000415811 0.0096229 0
0.000414121 0.00188144 0
8.27701e-05 0.00804728 0
0.000417528 0.000470008 0
0.000422033 0.00775448 0
0.00041503 0.00168199 0
0.000416711 0.00759631 0
8.16534e-05 0.0033408 0
0.000414337 0.00329654 0
8.19003e-05 0.00634182 0
8.15827e-05 0.00684071 0
8.15679e-05 0.00294018 0
0.000414252 0.00609621 0
8.18004e-05 0.00614126 0
8.10895e-05 0.00393988 0
8.15476e-05 0.00474013 0
0.000414344 0.00439578 0
8.1161e-05 0.00563971 0
8.18013e-05 0.00874656 0
8.43867e-05 0.00244447 0
8.20058e-05 0.00724151 0
0.000414332 0.00539648 0
8.19376e-05 0.00514122 0
0.000414297 0.00369635 0
0.000414158 0.0026965 0
0.000414258 0.00852465 0
0.000259822 8.03738e-05 0
0.000223698 0.00990315 0
0.000411758 0.00981431 0
8.54795e-05 0.000202374 0
0.000413971 0.00892658 0
0.000328951 0.0089357 0
0.000329013 0.00883409 0
0.000329155 0.0090339 0
0.000245762 0.00902021 0
0.000245936 0.0091199 0
0.000414166 0.00882305 0
0.000329089 0.00873302 0
0.000329238 0.00863221 0
0.000245668 0.00881894 0
0.000245892 0.00891735 0
0.000245723 0.00871766 0
0.000245742 0.00861769 0
8.57643e-05 0.00110586 0
0.000170828 0.00102162 0
0.000170534 0.00112208 0
0.000170784 0.000921777 0
0.000254192 0.000945095 0
0.000254258 0.000843514 0
0.000170689 0.000820969 0
0.000254591 0.000741229 0
0.000171007 0.00071952 0
0.00025513 0.000636498 0
0.000171402 0.000616737 0
0.000255083 0.000529857 0
0.000171219 0.000513087 0
0.000254026 0.000424847 0
0.000170254 0.00041039 0
0.000252263 0.000324854 0
0.000168914 0.000310581 0
0.000250473 0.00023102 0
0.000168968 0.000214359 0
8.183e-05 0.00884621 0
0.000413754 0.000181068 0
8.00534e-05 0.00984654 0
0.000157679 0.00978348 0
0.00016324 0.00968705 0
0.000245525 0.00971468 0
0.000248067 0.00961833 0
0.000418103 0.000984952 0
8.53804e-05 0.00774632 0
0.000173496 0.00778775 0
0.000171024 0.00789096 0
0.000278165 0.00781942 0
0.00025912 0.00769657 0
0.000255787 0.0079266 0
8.43588e-05 0.00140527 0
0.000169431 0.00132073 0
0.000167974 0.00142077 0
0.000252708 0.00134271 0
0.000253615 0.00124301 0
0.000250989 0.00144196 0
0.000336044 0.00126404 0
0.000169928 0.00122188 0
0.000414084 0.00670027 0
0.000329045 0.00670199 0
0.000329158 0.00660156 0
0.000329244 0.0068004 0
0.00024559 0.00669521 0
0.000245701 0.0067933 0
0.000414253 0.00660034 0
0.000329234 0.00650113 0
0.000329238 0.0064001 0
0.000245802 0.00639444 0
0.000245782 0.0062927 0
0.000329412 0.00629724 0
0.000245767 0.00619137 0
0.00032946 0.00619581 0
0.000245703 0.00609034 0
0.000329469 0.00609476 0
0.000245599 0.00598967 0
0.000329448 0.00599408 0
0.000245468 0.00588972 0
0.000329418 0.00589413 0
0.000245387 0.00578991 0
0.000329402 0.00579446 0
0.000245396 0.00568984 0
0.000162925 0.00577036 0
0.000329403 0.00569459 0
0.000245469 0.00559006 0
0.000329437 0.00559472 0
0.00024562 0.00549037 0
0.000329503 0.00549487 0
0.000245812 0.00539051 0
0.000163239 0.00547077 0
0.000329578 0.00539501 0
0.000245949 0.0052907 0
0.00032963 0.00529505 0
0.000245991 0.00519063 0
0.00032964 0.00519488 0
0.000245952 0.00509031 0
0.000329603 0.00509446 0
0.000245862 0.00499014 0
0.000329552 0.00499428 0
0.000245763 0.00489002 0
0.000329519 0.00489447 0
0.000245678 0.00478989 0
0.0003295 0.00479457 0
0.000245631 0.00468995 0
0.000329502 0.00469446 0
0.000245665 0.00458996 0
0.000329524 0.00459415 0
0.000245744 0.00448988 0
0.000329555 0.00449402 0
0.000245767 0.00438981 0
0.000163296 0.00457077 0
0.000329574 0.0043941 0
0.000245688 0.00428956 0
0.000329541 0.00429389 0
0.000245538 0.0041896 0
0.000329476 0.00419386 0
0.000245414 0.00408978 0
0.000329426 0.00409419 0
0.000245356 0.00398971 0
0.000162929 0.00407039 0
0.00032939 0.00399445 0
0.000245314 0.00388988 0
0.00032937 0.00389458 0
0.000245309 0.00379004 0
0.000329373 0.00379465 0
0.000245367 0.0036899 0
0.000162786 0.00377053 0
0.000329394 0.00369467 0
0.000245461 0.00359007 0
0.000329437 0.00359474 0
0.000245615 0.00349038 0
0.000329504 0.00349488 0
0.0002458 0.00339054 0
0.000163221 0.00347089 0
0.000329574 0.00339503 0
0.000245911 0.00329077 0
0.000329613 0.00329514 0
0.000245906 0.00319077 0
0.000329606 0.00319515 0
0.000245821 0.00309042 0
0.000329571 0.00309504 0
0.00024572 0.00299014 0
0.000329533 0.00299491 0
0.000245663 0.00289028 0
0.000329518 0.00289489 0
0.000245714 0.0027905 0
0.000329529 0.00279496 0
0.00024579 0.00269073 0
0.000163377 0.00277105 0
0.000329399 0.00269514 0
0.000245268 0.00259231 0
0.000328076 0.00259574 0
0.000242331 0.00249835 0
0.000321867 0.00249631 0
0.000235664 0.00242881 0
0.000295653 0.00238033 0
0.00020209 0.00231181 0
0.000314635 0.00226284 0
0.000227876 0.00222898 0
0.000322935 0.00216183 0
0.000237516 0.00213917 0
0.000326189 0.00206187 0
0.000238356 0.00204072 0
0.000327671 0.00196151 0
0.000241225 0.00193925 0
0.000158802 0.00212629 0
0.000328775 0.00186144 0
0.000244577 0.00183887 0
0.00032975 0.00176164 0
0.000246303 0.00173922 0
0.000330917 0.00166196 0
0.000247751 0.00163959 0
0.000332417 0.00156239 0
0.000249375 0.0015404 0
0.000413755 0.00198089 0
0.000407337 0.00228407 0
0.000414507 0.00419587 0
0.000414529 0.00449592 0
0.000414472 0.00599604 0
0.000414508 0.00499608 0
0.000245814 0.00659393 0
0.000163356 0.00667289 0
0.000246001 0.00649279 0
0.000414687 0.00178122 0
0.000396457 0.00785334 0
0.000415021 0.00802857 0
0.000331983 0.00803839 0
0.00033068 0.00813565 0
0.000247683 0.00812226 0
0.000246573 0.00822227 0
0.000250239 0.00802137 0
0.000330113 0.00823321 0
0.00024605 0.00832179 0
0.000329775 0.00833233 0
0.000245819 0.00842048 0
0.000163399 0.00838832 0
0.000329639 0.00843087 0
0.000414798 0.00822201 0
8.21419e-05 0.00814692 0
8.17646e-05 0.00324027 0
7.75488e-05 0.00189887 0
0.000253826 0.00114429 0
0.00024588 0.00851707 0
8.52609e-05 0.00120765 0
8.16325e-05 0.00603991 0
0.000414498 0.00359663 0
0.000414479 0.00399641 0
8.16692e-05 0.00483979 0
0.000420834 0.00768912 0
0.000334215 0.00759737 0
0.000331086 0.00749819 0
0.000247851 0.00749321 0
0.00024658 0.00739226 0
0.000330163 0.00739664 0
0.000246148 0.0072921 0
0.000251572 0.00759204 0
0.000414492 0.00932597 0
0.000329816 0.00933536 0
0.000330786 0.00943414 0
0.000247376 0.00942078 0
0.000246636 0.00931935 0
0.000248253 0.00951879 0
8.57871e-05 0.000706503 0
0.00041436 0.0063991 0
0.000414517 0.00549667 0
0.000329651 0.00923192 0
8.34053e-05 0.00150625 0
0.000413036 0.00259667 0
8.17978e-05 0.00644074 0
0.000414554 0.00529673 0
0.000414452 0.00619721 0
0.000414178 0.00719887 0
0.000329317 0.00719911 0
0.000329257 0.00709971 0
0.000245792 0.00709365 0
0.000245796 0.00699235 0
0.000414342 0.00709903 0
0.000329499 0.00699775 0
0.000414491 0.00279673 0
0.000414538 0.00339674 0
9.17761e-05 0.00234612 0
8.18271e-05 0.0062408 0
8.56691e-05 0.000907425 0
0.000416064 0.00158175 0
8.18702e-05 0.00504021 0
8.37853e-05 0.00794697 0
0.000414512 0.00589636 0
8.21656e-05 0.00734073 0
0.000418028 0.000782716 0
0.000414573 0.00509651 0
0.000417718 0.000574479 0
0.000414503 0.00479646 0
8.18132e-05 0.00524025 0
0.000414473 0.00379657 0
0.000414366 0.00689884 0
8.16906e-05 0.00694026 0
0.000414482 0.00569654 0
8.16832e-05 0.00303989 0
8.19196e-05 0.00904657 0
8.15675e-05 0.0043398 0
8.26643e-05 0.00944683 0
8.21569e-05 0.00924661 0
8.36786e-05 0.00754157 0
8.23345e-05 0.00254137 0
8.19326e-05 0.00170544 0
0.000414544 0.0031968 0
0.000414522 0.00842135 0
0.000414521 0.00299673 0
8.16585e-05 0.00864613 0
8.18757e-05 0.00714055 0
0.000414556 0.00459635 0
0.000415524 0.00749751 0
0.000246092 0.00719149 0
0.000414564 0.00429618 0
0.000414872 0.00739792 0
0.000415727 0.00952287 0
0.000414328 0.00862171 0
8.57996e-05 0.000503994 0
8.49288e-05 0.000303142 0
0.000329913 0.00729651 0
0.000414496 0.00971796 0
0.000245885 0.00689124 0
0.000417297 0.000370671 0
0.000329644 0.00689723 0
0.00032969 0.00852728 0
0.000418172 0.00108446 0
0.000253915 0.00104501 0
0.000414313 0.00912301 0
8.14842e-05 0.00964538 0
0.000329612 0.00912934 0
0.000246398 0.00921676 0
0.000412877 0.00208112 0
0.000405528 0.00238961 0
0.000313809 0.00990907 0
0.000175137 0.000118517 0
0.000143471 0.00988173 0
0.000321472 8.20339e-05 0
0.000323621 0.00981643 0
0.000330255 0.00016469 0
0.000171983 0.00767766 0
0.000343007 0.00769165 0
0.000333979 0.00146271 0
0.000418048 0.00128239 0
0.000163384 0.00677159 0
0.00016341 0.00848625 0
8.1617e-05 0.00663924 0
0.000331734 0.0095292 0
0.000164929 0.00958616 0
0.000334332 0.00794348 0
0.000335157 0.00136294 0
0.000167493 0.00798852 0
0.000163115 0.00586947 0
8.1642e-05 0.00834581 0
8.12956e-05 0.00573811 0
0.000163083 0.00556956 0
8.15197e-05 0.00543841 0
0.000166472 0.00152055 0
8.15285e-05 0.00453895 0
0.000163329 0.00466945 0
8.12577e-05 0.00403865 0
0.000137002 0.00201944 0
0.000163173 0.00416925 0
8.27054e-05 0.00212065 0
8.11509e-05 0.00373875 0
0.00016287 0.0038693 0
8.14715e-05 0.00343897 0
0.000163068 0.0035694 0
8.15973e-05 0.00273908 0
0.000163371 0.00286964 0
0.000338466 0.00787714 0
0.000163493 0.00687063 0
0.000163939 0.00727177 0
0.000164014 0.00918673 0
0.000365835 0.00777626 0
0.000163691 0.00637268 0
0.000163655 0.00707178 0
0.000164363 0.00737126 0
0.000163686 0.00647158 0
0.000163454 0.00858556 0
0.000163672 0.00627144 0
0.00016549 0.00747132 0
0.000164811 0.00938739 0
0.000163613 0.00696994 0
0.000165216 0.009486 0
0.000163848 0.00908644 0
0.000163597 0.00617054 0
0.000163838 0.00717018 0
0.000164376 0.00928584 0
0.000165447 0.00808785 0
0.000168046 0.00757184 0
0.000163468 0.00606966 0
0.000336276 0.000966661 0
0.000163521 0.00868554 0
0.000163345 0.00596842 0
0.00016361 0.00878557 0
0.000331491 0.00962593 0
0.00016436 0.00818777 0
0.000163745 0.00898625 0
0.000336233 0.0010659 0
0.000163713 0.00888514 0
0.000336289 0.000865387 0
0.000163693 0.00527091 0
0.000163792 0.00517021 0
0.00033637 0.000762715 0
0.000163769 0.00506997 0
0.000163668 0.00496976 0
0.000163531 0.00486938 0
0.000165188 0.00162013 0
0.000336459 0.000657611 0
0.000163449 0.00476842 0
0.00016189 0.0018181 0
0.000163885 0.00172 0
0.000156479 0.00191596 0
0.000163405 0.00437013 0
0.000163376 0.00426842 0
0.000336376 0.000551112 0
0.000176499 0.00239263 0
0.000165633 0.00247927 0
0.000163631 0.00327095 0
0.000163909 0.00257253 0
0.000163659 0.00317017 0
0.000163561 0.00306962 0
0.000163484 0.0029686 0
0.000335865 0.000446674 0
0.000334728 0.000347068 0
0.000417568 0.0013818 0
8.16221e-05 0.00673822 0
0.000163595 0.00657076 0
0.000336135 0.00116468 0
0.000163835 0.008287 0
8.16234e-05 0.00844489 0
8.14463e-05 0.00583724 0
0.000163062 0.0056683 0
8.14184e-05 0.00553724 0
0.000163568 0.00536901 0
8.1583e-05 0.00463742 0
0.000163461 0.0044687 0
8.14564e-05 0.00413731 0
8.12188e-05 0.00383775 0
0.000162997 0.00396808 0
7.4969e-05 0.00205233 0
0.000168149 0.00219551 0
0.000163006 0.00366841 0
8.13954e-05 0.00353735 0
0.000163539 0.00336912 0
0.00016364 0.0026696 0
8.16132e-05 0.00283751 0
0.000408475 9.05874e-05 0
5.62182e-05 0.00990854 0
9.06289e-05 0.000104022 0
0.000406443 0.009906 0
0.000332768 0.000253134 0
0.000329034 0.00972078 0
0.000237909 0.00980483 0
0.000246724 0.000142807 0
