810
21 0 0
-1 0 3
-1 0 4
-1 1 3
-1 1 4
-1 2 3
-1 2 4
-1 3 3
-1 3 4
-1 4 3
-1 4 4
-1 5 3
-1 5 4
-1 6 3
-1 6 4
-1 7 3
-1 7 4
-1 8 3
-1 8 4
21 9 0
-1 9 4
-1 10 4
-1 11 4
-1 12 4
-1 13 4
-1 14 4
-1 15 4
-1 16 4
-1 17 4
21 18 0
-1 18 4
-1 19 4
-1 20 4
-1 21 4
-1 22 4
-1 23 4
-1 24 4
-1 25 4
-1 26 4
21 27 0
-1 27 4
-1 28 4
-1 29 4
-1 30 4
-1 31 4
-1 32 4
-1 33 4
-1 34 4
-1 35 4
21 36 0
-1 36 4
-1 37 4
-1 38 4
-1 39 4
-1 40 4
-1 41 4
-1 42 4
-1 43 4
-1 44 4
21 45 0
-1 45 4
-1 46 4
-1 47 4
-1 48 4
-1 49 4
-1 50 4
-1 51 4
-1 52 4
-1 53 4
21 54 0
-1 54 4
-1 55 4
-1 56 4
-1 57 4
-1 58 4
-1 59 4
-1 60 4
-1 61 4
-1 62 4
21 63 0
-1 63 4
-1 64 4
-1 65 4
-1 66 4
-1 67 4
-1 68 4
-1 69 4
-1 70 4
-1 71 4
21 72 0
-1 72 2
-1 72 4
-1 73 2
-1 73 4
-1 74 2
-1 74 4
-1 75 2
-1 75 4
-1 76 2
-1 76 4
-1 77 2
-1 77 4
-1 78 2
-1 78 4
-1 79 2
-1 79 4
-1 80 2
-1 80 4
21 81 0
-1 81 3
-1 82 3
-1 83 3
-1 84 3
-1 85 3
-1 86 3
-1 87 3
-1 88 3
-1 89 3
21 90 0
21 99 0
21 108 0
21 117 0
21 126 0
21 135 0
21 144 0
21 153 0
-1 153 2
-1 154 2
-1 155 2
-1 156 2
-1 157 2
-1 158 2
-1 159 2
-1 160 2
-1 161 2
21 162 0
-1 162 3
-1 163 3
-1 164 3
-1 165 3
-1 166 3
-1 167 3
-1 168 3
-1 169 3
-1 170 3
21 171 0
21 180 0
21 189 0
21 198 0
21 207 0
21 216 0
21 225 0
21 234 0
-1 234 2
-1 235 2
-1 236 2
-1 237 2
-1 238 2
-1 239 2
-1 240 2
-1 241 2
-1 242 2
21 243 0
-1 243 3
-1 244 3
-1 245 3
-1 246 3
-1 247 3
-1 248 3
-1 249 3
-1 250 3
-1 251 3
21 252 0
21 261 0
21 270 0
21 279 0
21 288 0
21 297 0
21 306 0
21 315 0
-1 315 2
-1 316 2
-1 317 2
-1 318 2
-1 319 2
-1 320 2
-1 321 2
-1 322 2
-1 323 2
21 324 0
-1 324 3
-1 325 3
-1 326 3
-1 327 3
-1 328 3
-1 329 3
-1 330 3
-1 331 3
-1 332 3
21 333 0
21 342 0
21 351 0
21 360 0
21 369 0
21 378 0
21 387 0
21 396 0
-1 396 2
-1 397 2
-1 398 2
-1 399 2
-1 400 2
-1 401 2
-1 402 2
-1 403 2
-1 404 2
21 405 0
-1 405 3
-1 406 3
-1 407 3
-1 408 3
-1 409 3
-1 410 3
-1 411 3
-1 412 3
-1 413 3
21 414 0
21 423 0
21 432 0
21 441 0
21 450 0
21 459 0
21 468 0
21 477 0
-1 477 2
-1 478 2
-1 479 2
-1 480 2
-1 481 2
-1 482 2
-1 483 2
-1 484 2
-1 485 2
21 486 0
-1 486 3
-1 487 3
-1 488 3
-1 489 3
-1 490 3
-1 491 3
-1 492 3
-1 493 3
-1 494 3
21 495 0
21 504 0
21 513 0
21 522 0
21 531 0
21 540 0
21 549 0
21 558 0
-1 558 2
-1 559 2
-1 560 2
-1 561 2
-1 562 2
-1 563 2
-1 564 2
-1 565 2
-1 566 2
21 567 0
-1 567 3
-1 568 3
-1 569 3
-1 570 3
-1 571 3
-1 572 3
-1 573 3
-1 574 3
-1 575 3
21 576 0
21 585 0
21 594 0
21 603 0
21 612 0
21 621 0
21 630 0
21 639 0
-1 639 2
-1 640 2
-1 641 2
-1 642 2
-1 643 2
-1 644 2
-1 645 2
-1 646 2
-1 647 2
21 648 0
-1 648 1
-1 648 3
-1 649 1
-1 649 3
-1 650 1
-1 650 3
-1 651 1
-1 651 3
-1 652 1
-1 652 3
-1 653 1
-1 653 3
-1 654 1
-1 654 3
-1 655 1
-1 655 3
-1 656 1
-1 656 3
21 657 0
-1 657 1
-1 658 1
-1 659 1
-1 660 1
-1 661 1
-1 662 1
-1 663 1
-1 664 1
-1 665 1
21 666 0
-1 666 1
-1 667 1
-1 668 1
-1 669 1
-1 670 1
-1 671 1
-1 672 1
-1 673 1
-1 674 1
21 675 0
-1 675 1
-1 676 1
-1 677 1
-1 678 1
-1 679 1
-1 680 1
-1 681 1
-1 682 1
-1 683 1
21 684 0
-1 684 1
-1 685 1
-1 686 1
-1 687 1
-1 688 1
-1 689 1
-1 690 1
-1 691 1
-1 692 1
21 693 0
-1 693 1
-1 694 1
-1 695 1
-1 696 1
-1 697 1
-1 698 1
-1 699 1
-1 700 1
-1 701 1
21 702 0
-1 702 1
-1 703 1
-1 704 1
-1 705 1
-1 706 1
-1 707 1
-1 708 1
-1 709 1
-1 710 1
21 711 0
-1 711 1
-1 712 1
-1 713 1
-1 714 1
-1 715 1
-1 716 1
-1 717 1
-1 718 1
-1 719 1
21 720 0
-1 720 1
-1 720 2
-1 721 1
-1 721 2
-1 722 1
-1 722 2
-1 723 1
-1 723 2
-1 724 1
-1 724 2
-1 725 1
-1 725 2
-1 726 1
-1 726 2
-1 727 1
-1 727 2
-1 728 1
-1 728 2
-1 729 3
-1 729 4
-1 730 3
-1 730 4
-1 731 3
-1 731 4
-1 732 3
-1 732 4
-1 733 3
-1 733 4
-1 734 3
-1 734 4
-1 735 3
-1 735 4
-1 736 3
-1 736 4
-1 737 3
-1 737 4
22 737 5
-1 738 4
-1 739 4
-1 740 4
-1 741 4
-1 742 4
-1 743 4
-1 744 4
-1 745 4
-1 746 4
22 746 5
-1 747 4
-1 748 4
-1 749 4
-1 750 4
-1 751 4
-1 752 4
-1 753 4
-1 754 4
-1 755 4
22 755 5
-1 756 4
-1 757 4
-1 758 4
-1 759 4
-1 760 4
-1 761 4
-1 762 4
-1 763 4
-1 764 4
22 764 5
-1 765 4
-1 766 4
-1 767 4
-1 768 4
-1 769 4
-1 770 4
-1 771 4
-1 772 4
-1 773 4
22 773 5
-1 774 4
-1 775 4
-1 776 4
-1 777 4
-1 778 4
-1 779 4
-1 780 4
-1 781 4
-1 782 4
22 782 5
-1 783 4
-1 784 4
-1 785 4
-1 786 4
-1 787 4
-1 788 4
-1 789 4
-1 790 4
-1 791 4
22 791 5
-1 792 4
-1 793 4
-1 794 4
-1 795 4
-1 796 4
-1 797 4
-1 798 4
-1 799 4
-1 800 4
22 800 5
-1 801 2
-1 801 4
-1 802 2
-1 802 4
-1 803 2
-1 803 4
-1 804 2
-1 804 4
-1 805 2
-1 805 4
-1 806 2
-1 806 4
-1 807 2
-1 807 4
-1 808 2
-1 808 4
-1 809 2
-1 809 4
22 809 5
-1 810 3
-1 811 3
-1 812 3
-1 813 3
-1 814 3
-1 815 3
-1 816 3
-1 817 3
-1 818 3
22 818 5
22 827 5
22 836 5
22 845 5
22 854 5
22 863 5
22 872 5
22 881 5
-1 882 2
-1 883 2
-1 884 2
-1 885 2
-1 886 2
-1 887 2
-1 888 2
-1 889 2
-1 890 2
22 890 5
-1 891 3
-1 892 3
-1 893 3
-1 894 3
-1 895 3
-1 896 3
-1 897 3
-1 898 3
-1 899 3
22 899 5
22 908 5
22 917 5
22 926 5
22 935 5
22 944 5
22 953 5
22 962 5
-1 963 2
-1 964 2
-1 965 2
-1 966 2
-1 967 2
-1 968 2
-1 969 2
-1 970 2
-1 971 2
22 971 5
-1 972 3
-1 973 3
-1 974 3
-1 975 3
-1 976 3
-1 977 3
-1 978 3
-1 979 3
-1 980 3
22 980 5
22 989 5
22 998 5
22 1007 5
22 1016 5
22 1025 5
22 1034 5
22 1043 5
-1 1044 2
-1 1045 2
-1 1046 2
-1 1047 2
-1 1048 2
-1 1049 2
-1 1050 2
-1 1051 2
-1 1052 2
22 1052 5
-1 1053 3
-1 1054 3
-1 1055 3
-1 1056 3
-1 1057 3
-1 1058 3
-1 1059 3
-1 1060 3
-1 1061 3
22 1061 5
22 1070 5
22 1079 5
22 1088 5
22 1097 5
22 1106 5
22 1115 5
22 1124 5
-1 1125 2
-1 1126 2
-1 1127 2
-1 1128 2
-1 1129 2
-1 1130 2
-1 1131 2
-1 1132 2
-1 1133 2
22 1133 5
-1 1134 3
-1 1135 3
-1 1136 3
-1 1137 3
-1 1138 3
-1 1139 3
-1 1140 3
-1 1141 3
-1 1142 3
22 1142 5
22 1151 5
22 1160 5
22 1169 5
22 1178 5
22 1187 5
22 1196 5
22 1205 5
-1 1206 2
-1 1207 2
-1 1208 2
-1 1209 2
-1 1210 2
-1 1211 2
-1 1212 2
-1 1213 2
-1 1214 2
22 1214 5
-1 1215 3
-1 1216 3
-1 1217 3
-1 1218 3
-1 1219 3
-1 1220 3
-1 1221 3
-1 1222 3
-1 1223 3
22 1223 5
22 1232 5
22 1241 5
22 1250 5
22 1259 5
22 1268 5
22 1277 5
22 1286 5
-1 1287 2
-1 1288 2
-1 1289 2
-1 1290 2
-1 1291 2
-1 1292 2
-1 1293 2
-1 1294 2
-1 1295 2
22 1295 5
-1 1296 3
-1 1297 3
-1 1298 3
-1 1299 3
-1 1300 3
-1 1301 3
-1 1302 3
-1 1303 3
-1 1304 3
22 1304 5
22 1313 5
22 1322 5
22 1331 5
22 1340 5
22 1349 5
22 1358 5
22 1367 5
-1 1368 2
-1 1369 2
-1 1370 2
-1 1371 2
-1 1372 2
-1 1373 2
-1 1374 2
-1 1375 2
-1 1376 2
22 1376 5
-1 1377 1
-1 1377 3
-1 1378 1
-1 1378 3
-1 1379 1
-1 1379 3
-1 1380 1
-1 1380 3
-1 1381 1
-1 1381 3
-1 1382 1
-1 1382 3
-1 1383 1
-1 1383 3
-1 1384 1
-1 1384 3
-1 1385 1
-1 1385 3
22 1385 5
-1 1386 1
-1 1387 1
-1 1388 1
-1 1389 1
-1 1390 1
-1 1391 1
-1 1392 1
-1 1393 1
-1 1394 1
22 1394 5
-1 1395 1
-1 1396 1
-1 1397 1
-1 1398 1
-1 1399 1
-1 1400 1
-1 1401 1
-1 1402 1
-1 1403 1
22 1403 5
-1 1404 1
-1 1405 1
-1 1406 1
-1 1407 1
-1 1408 1
-1 1409 1
-1 1410 1
-1 1411 1
-1 1412 1
22 1412 5
-1 1413 1
-1 1414 1
-1 1415 1
-1 1416 1
-1 1417 1
-1 1418 1
-1 1419 1
-1 1420 1
-1 1421 1
22 1421 5
-1 1422 1
-1 1423 1
-1 1424 1
-1 1425 1
-1 1426 1
-1 1427 1
-1 1428 1
-1 1429 1
-1 1430 1
22 1430 5
-1 1431 1
-1 1432 1
-1 1433 1
-1 1434 1
-1 1435 1
-1 1436 1
-1 1437 1
-1 1438 1
-1 1439 1
22 1439 5
-1 1440 1
-1 1441 1
-1 1442 1
-1 1443 1
-1 1444 1
-1 1445 1
-1 1446 1
-1 1447 1
-1 1448 1
22 1448 5
-1 1449 1
-1 1449 2
-1 1450 1
-1 1450 2
-1 1451 1
-1 1451 2
-1 1452 1
-1 1452 2
-1 1453 1
-1 1453 2
-1 1454 1
-1 1454 2
-1 1455 1
-1 1455 2
-1 1456 1
-1 1456 2
-1 1457 1
-1 1457 2
22 1457 5
