1900
0 0 1
0 0 0
0 1 1
0 1 0
5 0 0
5 0 1
5 1 1
5 1 0
10 0 1
10 0 0
10 1 1
10 1 0
0 0 0.111111
0 0 0.222222
0 0 0.333333
0 0 0.444444
0 0 0.555556
0 0 0.666667
0 0 0.777778
0 0 0.888889
0 0.111111 1
0 0.222222 1
0 0.333333 1
0 0.444444 1
0 0.555556 1
0 0.666667 1
0 0.777778 1
0 0.888889 1
0 1 0.111111
0 1 0.222222
0 1 0.333333
0 1 0.444444
0 1 0.555556
0 1 0.666667
0 1 0.777778
0 1 0.888889
0 0.111111 0
0 0.222222 0
0 0.333333 0
0 0.444444 0
0 0.555556 0
0 0.666667 0
0 0.777778 0
0 0.888889 0
5 0 0.111111
5 0 0.222222
5 0 0.333333
5 0 0.444444
5 0 0.555556
5 0 0.666667
5 0 0.777778
5 0 0.888889
5 0.111111 1
5 0.222222 1
5 0.333333 1
5 0.444444 1
5 0.555556 1
5 0.666667 1
5 0.777778 1
5 0.888889 1
5 1 0.111111
5 1 0.222222
5 1 0.333333
5 1 0.444444
5 1 0.555556
5 1 0.666667
5 1 0.777778
5 1 0.888889
5 0.111111 0
5 0.222222 0
5 0.333333 0
5 0.444444 0
5 0.555556 0
5 0.666667 0
5 0.777778 0
5 0.888889 0
0.555556 0 0
1.11111 0 0
1.66667 0 0
2.22222 0 0
2.77778 0 0
3.33333 0 0
3.88889 0 0
4.44444 0 0
0.555556 0 1
1.11111 0 1
1.66667 0 1
2.22222 0 1
2.77778 0 1
3.33333 0 1
3.88889 0 1
4.44444 0 1
0.555556 1 0
1.11111 1 0
1.66667 1 0
2.22222 1 0
2.77778 1 0
3.33333 1 0
3.88889 1 0
4.44444 1 0
0.555556 1 1
1.11111 1 1
1.66667 1 1
2.22222 1 1
2.77778 1 1
3.33333 1 1
3.88889 1 1
4.44444 1 1
10 0 0.111111
10 0 0.222222
10 0 0.333333
10 0 0.444444
10 0 0.555556
10 0 0.666667
10 0 0.777778
10 0 0.888889
10 0.111111 1
10 0.222222 1
10 0.333333 1
10 0.444444 1
10 0.555556 1
10 0.666667 1
10 0.777778 1
10 0.888889 1
10 1 0.111111
10 1 0.222222
10 1 0.333333
10 1 0.444444
10 1 0.555556
10 1 0.666667
10 1 0.777778
10 1 0.888889
10 0.111111 0
10 0.222222 0
10 0.333333 0
10 0.444444 0
10 0.555556 0
10 0.666667 0
10 0.777778 0
10 0.888889 0
5.55556 0 0
6.11111 0 0
6.66667 0 0
7.22222 0 0
7.77778 0 0
8.33333 0 0
8.88889 0 0
9.44444 0 0
5.55556 0 1
6.11111 0 1
6.66667 0 1
7.22222 0 1
7.77778 0 1
8.33333 0 1
8.88889 0 1
9.44444 0 1
5.55556 1 0
6.11111 1 0
6.66667 1 0
7.22222 1 0
7.77778 1 0
8.33333 1 0
8.88889 1 0
9.44444 1 0
5.55556 1 1
6.11111 1 1
6.66667 1 1
7.22222 1 1
7.77778 1 1
8.33333 1 1
8.88889 1 1
9.44444 1 1
0 0.111111 0.111111
0 0.222222 0.111111
0 0.333333 0.111111
0 0.444444 0.111111
0 0.555556 0.111111
0 0.666667 0.111111
0 0.777778 0.111111
0 0.888889 0.111111
0 0.111111 0.222222
0 0.222222 0.222222
0 0.333333 0.222222
0 0.444444 0.222222
0 0.555556 0.222222
0 0.666667 0.222222
0 0.777778 0.222222
0 0.888889 0.222222
0 0.111111 0.333333
0 0.222222 0.333333
0 0.333333 0.333333
0 0.444444 0.333333
0 0.555556 0.333333
0 0.666667 0.333333
0 0.777778 0.333333
0 0.888889 0.333333
0 0.111111 0.444444
0 0.222222 0.444444
0 0.333333 0.444444
0 0.444444 0.444444
0 0.555556 0.444444
0 0.666667 0.444444
0 0.777778 0.444444
0 0.888889 0.444444
0 0.111111 0.555556
0 0.222222 0.555556
0 0.333333 0.555556
0 0.444444 0.555556
0 0.555556 0.555556
0 0.666667 0.555556
0 0.777778 0.555556
0 0.888889 0.555556
0 0.111111 0.666667
0 0.222222 0.666667
0 0.333333 0.666667
0 0.444444 0.666667
0 0.555556 0.666667
0 0.666667 0.666667
0 0.777778 0.666667
0 0.888889 0.666667
0 0.111111 0.777778
0 0.222222 0.777778
0 0.333333 0.777778
0 0.444444 0.777778
0 0.555556 0.777778
0 0.666667 0.777778
0 0.777778 0.777778
0 0.888889 0.777778
0 0.111111 0.888889
0 0.222222 0.888889
0 0.333333 0.888889
0 0.444444 0.888889
0 0.555556 0.888889
0 0.666667 0.888889
0 0.777778 0.888889
0 0.888889 0.888889
5 0.111111 0.111111
5 0.222222 0.111111
5 0.333333 0.111111
5 0.444444 0.111111
5 0.555556 0.111111
5 0.666667 0.111111
5 0.777778 0.111111
5 0.888889 0.111111
5 0.111111 0.222222
5 0.222222 0.222222
5 0.333333 0.222222
5 0.444444 0.222222
5 0.555556 0.222222
5 0.666667 0.222222
5 0.777778 0.222222
5 0.888889 0.222222
5 0.111111 0.333333
5 0.222222 0.333333
5 0.333333 0.333333
5 0.444444 0.333333
5 0.555556 0.333333
5 0.666667 0.333333
5 0.777778 0.333333
5 0.888889 0.333333
5 0.111111 0.444444
5 0.222222 0.444444
5 0.333333 0.444444
5 0.444444 0.444444
5 0.555556 0.444444
5 0.666667 0.444444
5 0.777778 0.444444
5 0.888889 0.444444
5 0.111111 0.555556
5 0.222222 0.555556
5 0.333333 0.555556
5 0.444444 0.555556
5 0.555556 0.555556
5 0.666667 0.555556
5 0.777778 0.555556
5 0.888889 0.555556
5 0.111111 0.666667
5 0.222222 0.666667
5 0.333333 0.666667
5 0.444444 0.666667
5 0.555556 0.666667
5 0.666667 0.666667
5 0.777778 0.666667
5 0.888889 0.666667
5 0.111111 0.777778
5 0.222222 0.777778
5 0.333333 0.777778
5 0.444444 0.777778
5 0.555556 0.777778
5 0.666667 0.777778
5 0.777778 0.777778
5 0.888889 0.777778
5 0.111111 0.888889
5 0.222222 0.888889
5 0.333333 0.888889
5 0.444444 0.888889
5 0.555556 0.888889
5 0.666667 0.888889
5 0.777778 0.888889
5 0.888889 0.888889
0.555556 0 0.111111
0.555556 0 0.222222
0.555556 0 0.333333
0.555556 0 0.444444
0.555556 0 0.555556
0.555556 0 0.666667
0.555556 0 0.777778
0.555556 0 0.888889
1.11111 0 0.111111
1.11111 0 0.222222
1.11111 0 0.333333
1.11111 0 0.444444
1.11111 0 0.555556
1.11111 0 0.666667
1.11111 0 0.777778
1.11111 0 0.888889
1.66667 0 0.111111
1.66667 0 0.222222
1.66667 0 0.333333
1.66667 0 0.444444
1.66667 0 0.555556
1.66667 0 0.666667
1.66667 0 0.777778
1.66667 0 0.888889
2.22222 0 0.111111
2.22222 0 0.222222
2.22222 0 0.333333
2.22222 0 0.444444
2.22222 0 0.555556
2.22222 0 0.666667
2.22222 0 0.777778
2.22222 0 0.888889
2.77778 0 0.111111
2.77778 0 0.222222
2.77778 0 0.333333
2.77778 0 0.444444
2.77778 0 0.555556
2.77778 0 0.666667
2.77778 0 0.777778
2.77778 0 0.888889
3.33333 0 0.111111
3.33333 0 0.222222
3.33333 0 0.333333
3.33333 0 0.444444
3.33333 0 0.555556
3.33333 0 0.666667
3.33333 0 0.777778
3.33333 0 0.888889
3.88889 0 0.111111
3.88889 0 0.222222
3.88889 0 0.333333
3.88889 0 0.444444
3.88889 0 0.555556
3.88889 0 0.666667
3.88889 0 0.777778
3.88889 0 0.888889
4.44444 0 0.111111
4.44444 0 0.222222
4.44444 0 0.333333
4.44444 0 0.444444
4.44444 0 0.555556
4.44444 0 0.666667
4.44444 0 0.777778
4.44444 0 0.888889
0.555556 1 0.111111
0.555556 1 0.222222
0.555556 1 0.333333
0.555556 1 0.444444
0.555556 1 0.555556
0.555556 1 0.666667
0.555556 1 0.777778
0.555556 1 0.888889
1.11111 1 0.111111
1.11111 1 0.222222
1.11111 1 0.333333
1.11111 1 0.444444
1.11111 1 0.555556
1.11111 1 0.666667
1.11111 1 0.777778
1.11111 1 0.888889
1.66667 1 0.111111
1.66667 1 0.222222
1.66667 1 0.333333
1.66667 1 0.444444
1.66667 1 0.555556
1.66667 1 0.666667
1.66667 1 0.777778
1.66667 1 0.888889
2.22222 1 0.111111
2.22222 1 0.222222
2.22222 1 0.333333
2.22222 1 0.444444
2.22222 1 0.555556
2.22222 1 0.666667
2.22222 1 0.777778
2.22222 1 0.888889
2.77778 1 0.111111
2.77778 1 0.222222
2.77778 1 0.333333
2.77778 1 0.444444
2.77778 1 0.555556
2.77778 1 0.666667
2.77778 1 0.777778
2.77778 1 0.888889
3.33333 1 0.111111
3.33333 1 0.222222
3.33333 1 0.333333
3.33333 1 0.444444
3.33333 1 0.555556
3.33333 1 0.666667
3.33333 1 0.777778
3.33333 1 0.888889
3.88889 1 0.111111
3.88889 1 0.222222
3.88889 1 0.333333
3.88889 1 0.444444
3.88889 1 0.555556
3.88889 1 0.666667
3.88889 1 0.777778
3.88889 1 0.888889
4.44444 1 0.111111
4.44444 1 0.222222
4.44444 1 0.333333
4.44444 1 0.444444
4.44444 1 0.555556
4.44444 1 0.666667
4.44444 1 0.777778
4.44444 1 0.888889
0.555556 0.111111 0
1.11111 0.111111 0
1.66667 0.111111 0
2.22222 0.111111 0
2.77778 0.111111 0
3.33333 0.111111 0
3.88889 0.111111 0
4.44444 0.111111 0
0.555556 0.222222 0
1.11111 0.222222 0
1.66667 0.222222 0
2.22222 0.222222 0
2.77778 0.222222 0
3.33333 0.222222 0
3.88889 0.222222 0
4.44444 0.222222 0
0.555556 0.333333 0
1.11111 0.333333 0
1.66667 0.333333 0
2.22222 0.333333 0
2.77778 0.333333 0
3.33333 0.333333 0
3.88889 0.333333 0
4.44444 0.333333 0
0.555556 0.444444 0
1.11111 0.444444 0
1.66667 0.444444 0
2.22222 0.444444 0
2.77778 0.444444 0
3.33333 0.444444 0
3.88889 0.444444 0
4.44444 0.444444 0
0.555556 0.555556 0
1.11111 0.555556 0
1.66667 0.555556 0
2.22222 0.555556 0
2.77778 0.555556 0
3.33333 0.555556 0
3.88889 0.555556 0
4.44444 0.555556 0
0.555556 0.666667 0
1.11111 0.666667 0
1.66667 0.666667 0
2.22222 0.666667 0
2.77778 0.666667 0
3.33333 0.666667 0
3.88889 0.666667 0
4.44444 0.666667 0
0.555556 0.777778 0
1.11111 0.777778 0
1.66667 0.777778 0
2.22222 0.777778 0
2.77778 0.777778 0
3.33333 0.777778 0
3.88889 0.777778 0
4.44444 0.777778 0
0.555556 0.888889 0
1.11111 0.888889 0
1.66667 0.888889 0
2.22222 0.888889 0
2.77778 0.888889 0
3.33333 0.888889 0
3.88889 0.888889 0
4.44444 0.888889 0
0.555556 0.111111 1
1.11111 0.111111 1
1.66667 0.111111 1
2.22222 0.111111 1
2.77778 0.111111 1
3.33333 0.111111 1
3.88889 0.111111 1
4.44444 0.111111 1
0.555556 0.222222 1
1.11111 0.222222 1
1.66667 0.222222 1
2.22222 0.222222 1
2.77778 0.222222 1
3.33333 0.222222 1
3.88889 0.222222 1
4.44444 0.222222 1
0.555556 0.333333 1
1.11111 0.333333 1
1.66667 0.333333 1
2.22222 0.333333 1
2.77778 0.333333 1
3.33333 0.333333 1
3.88889 0.333333 1
4.44444 0.333333 1
0.555556 0.444444 1
1.11111 0.444444 1
1.66667 0.444444 1
2.22222 0.444444 1
2.77778 0.444444 1
3.33333 0.444444 1
3.88889 0.444444 1
4.44444 0.444444 1
0.555556 0.555556 1
1.11111 0.555556 1
1.66667 0.555556 1
2.22222 0.555556 1
2.77778 0.555556 1
3.33333 0.555556 1
3.88889 0.555556 1
4.44444 0.555556 1
0.555556 0.666667 1
1.11111 0.666667 1
1.66667 0.666667 1
2.22222 0.666667 1
2.77778 0.666667 1
3.33333 0.666667 1
3.88889 0.666667 1
4.44444 0.666667 1
0.555556 0.777778 1
1.11111 0.777778 1
1.66667 0.777778 1
2.22222 0.777778 1
2.77778 0.777778 1
3.33333 0.777778 1
3.88889 0.777778 1
4.44444 0.777778 1
0.555556 0.888889 1
1.11111 0.888889 1
1.66667 0.888889 1
2.22222 0.888889 1
2.77778 0.888889 1
3.33333 0.888889 1
3.88889 0.888889 1
4.44444 0.888889 1
10 0.111111 0.111111
10 0.222222 0.111111
10 0.333333 0.111111
10 0.444444 0.111111
10 0.555556 0.111111
10 0.666667 0.111111
10 0.777778 0.111111
10 0.888889 0.111111
10 0.111111 0.222222
10 0.222222 0.222222
10 0.333333 0.222222
10 0.444444 0.222222
10 0.555556 0.222222
10 0.666667 0.222222
10 0.777778 0.222222
10 0.888889 0.222222
10 0.111111 0.333333
10 0.222222 0.333333
10 0.333333 0.333333
10 0.444444 0.333333
10 0.555556 0.333333
10 0.666667 0.333333
10 0.777778 0.333333
10 0.888889 0.333333
10 0.111111 0.444444
10 0.222222 0.444444
10 0.333333 0.444444
10 0.444444 0.444444
10 0.555556 0.444444
10 0.666667 0.444444
10 0.777778 0.444444
10 0.888889 0.444444
10 0.111111 0.555556
10 0.222222 0.555556
10 0.333333 0.555556
10 0.444444 0.555556
10 0.555556 0.555556
10 0.666667 0.555556
10 0.777778 0.555556
10 0.888889 0.555556
10 0.111111 0.666667
10 0.222222 0.666667
10 0.333333 0.666667
10 0.444444 0.666667
10 0.555556 0.666667
10 0.666667 0.666667
10 0.777778 0.666667
10 0.888889 0.666667
10 0.111111 0.777778
10 0.222222 0.777778
10 0.333333 0.777778
10 0.444444 0.777778
10 0.555556 0.777778
10 0.666667 0.777778
10 0.777778 0.777778
10 0.888889 0.777778
10 0.111111 0.888889
10 0.222222 0.888889
10 0.333333 0.888889
10 0.444444 0.888889
10 0.555556 0.888889
10 0.666667 0.888889
10 0.777778 0.888889
10 0.888889 0.888889
5.55556 0 0.111111
5.55556 0 0.222222
5.55556 0 0.333333
5.55556 0 0.444444
5.55556 0 0.555556
5.55556 0 0.666667
5.55556 0 0.777778
5.55556 0 0.888889
6.11111 0 0.111111
6.11111 0 0.222222
6.11111 0 0.333333
6.11111 0 0.444444
6.11111 0 0.555556
6.11111 0 0.666667
6.11111 0 0.777778
6.11111 0 0.888889
6.66667 0 0.111111
6.66667 0 0.222222
6.66667 0 0.333333
6.66667 0 0.444444
6.66667 0 0.555556
6.66667 0 0.666667
6.66667 0 0.777778
6.66667 0 0.888889
7.22222 0 0.111111
7.22222 0 0.222222
7.22222 0 0.333333
7.22222 0 0.444444
7.22222 0 0.555556
7.22222 0 0.666667
7.22222 0 0.777778
7.22222 0 0.888889
7.77778 0 0.111111
7.77778 0 0.222222
7.77778 0 0.333333
7.77778 0 0.444444
7.77778 0 0.555556
7.77778 0 0.666667
7.77778 0 0.777778
7.77778 0 0.888889
8.33333 0 0.111111
8.33333 0 0.222222
8.33333 0 0.333333
8.33333 0 0.444444
8.33333 0 0.555556
8.33333 0 0.666667
8.33333 0 0.777778
8.33333 0 0.888889
8.88889 0 0.111111
8.88889 0 0.222222
8.88889 0 0.333333
8.88889 0 0.444444
8.88889 0 0.555556
8.88889 0 0.666667
8.88889 0 0.777778
8.88889 0 0.888889
9.44444 0 0.111111
9.44444 0 0.222222
9.44444 0 0.333333
9.44444 0 0.444444
9.44444 0 0.555556
9.44444 0 0.666667
9.44444 0 0.777778
9.44444 0 0.888889
5.55556 1 0.111111
5.55556 1 0.222222
5.55556 1 0.333333
5.55556 1 0.444444
5.55556 1 0.555556
5.55556 1 0.666667
5.55556 1 0.777778
5.55556 1 0.888889
6.11111 1 0.111111
6.11111 1 0.222222
6.11111 1 0.333333
6.11111 1 0.444444
6.11111 1 0.555556
6.11111 1 0.666667
6.11111 1 0.777778
6.11111 1 0.888889
6.66667 1 0.111111
6.66667 1 0.222222
6.66667 1 0.333333
6.66667 1 0.444444
6.66667 1 0.555556
6.66667 1 0.666667
6.66667 1 0.777778
6.66667 1 0.888889
7.22222 1 0.111111
7.22222 1 0.222222
7.22222 1 0.333333
7.22222 1 0.444444
7.22222 1 0.555556
7.22222 1 0.666667
7.22222 1 0.777778
7.22222 1 0.888889
7.77778 1 0.111111
7.77778 1 0.222222
7.77778 1 0.333333
7.77778 1 0.444444
7.77778 1 0.555556
7.77778 1 0.666667
7.77778 1 0.777778
7.77778 1 0.888889
8.33333 1 0.111111
8.33333 1 0.222222
8.33333 1 0.333333
8.33333 1 0.444444
8.33333 1 0.555556
8.33333 1 0.666667
8.33333 1 0.777778
8.33333 1 0.888889
8.88889 1 0.111111
8.88889 1 0.222222
8.88889 1 0.333333
8.88889 1 0.444444
8.88889 1 0.555556
8.88889 1 0.666667
8.88889 1 0.777778
8.88889 1 0.888889
9.44444 1 0.111111
9.44444 1 0.222222
9.44444 1 0.333333
9.44444 1 0.444444
9.44444 1 0.555556
9.44444 1 0.666667
9.44444 1 0.777778
9.44444 1 0.888889
5.55556 0.111111 0
6.11111 0.111111 0
6.66667 0.111111 0
7.22222 0.111111 0
7.77778 0.111111 0
8.33333 0.111111 0
8.88889 0.111111 0
9.44444 0.111111 0
5.55556 0.222222 0
6.11111 0.222222 0
6.66667 0.222222 0
7.22222 0.222222 0
7.77778 0.222222 0
8.33333 0.222222 0
8.88889 0.222222 0
9.44444 0.222222 0
5.55556 0.333333 0
6.11111 0.333333 0
6.66667 0.333333 0
7.22222 0.333333 0
7.77778 0.333333 0
8.33333 0.333333 0
8.88889 0.333333 0
9.44444 0.333333 0
5.55556 0.444444 0
6.11111 0.444444 0
6.66667 0.444444 0
7.22222 0.444444 0
7.77778 0.444444 0
8.33333 0.444444 0
8.88889 0.444444 0
9.44444 0.444444 0
5.55556 0.555556 0
6.11111 0.555556 0
6.66667 0.555556 0
7.22222 0.555556 0
7.77778 0.555556 0
8.33333 0.555556 0
8.88889 0.555556 0
9.44444 0.555556 0
5.55556 0.666667 0
6.11111 0.666667 0
6.66667 0.666667 0
7.22222 0.666667 0
7.77778 0.666667 0
8.33333 0.666667 0
8.88889 0.666667 0
9.44444 0.666667 0
5.55556 0.777778 0
6.11111 0.777778 0
6.66667 0.777778 0
7.22222 0.777778 0
7.77778 0.777778 0
8.33333 0.777778 0
8.88889 0.777778 0
9.44444 0.777778 0
5.55556 0.888889 0
6.11111 0.888889 0
6.66667 0.888889 0
7.22222 0.888889 0
7.77778 0.888889 0
8.33333 0.888889 0
8.88889 0.888889 0
9.44444 0.888889 0
5.55556 0.111111 1
6.11111 0.111111 1
6.66667 0.111111 1
7.22222 0.111111 1
7.77778 0.111111 1
8.33333 0.111111 1
8.88889 0.111111 1
9.44444 0.111111 1
5.55556 0.222222 1
6.11111 0.222222 1
6.66667 0.222222 1
7.22222 0.222222 1
7.77778 0.222222 1
8.33333 0.222222 1
8.88889 0.222222 1
9.44444 0.222222 1
5.55556 0.333333 1
6.11111 0.333333 1
6.66667 0.333333 1
7.22222 0.333333 1
7.77778 0.333333 1
8.33333 0.333333 1
8.88889 0.333333 1
9.44444 0.333333 1
5.55556 0.444444 1
6.11111 0.444444 1
6.66667 0.444444 1
7.22222 0.444444 1
7.77778 0.444444 1
8.33333 0.444444 1
8.88889 0.444444 1
9.44444 0.444444 1
5.55556 0.555556 1
6.11111 0.555556 1
6.66667 0.555556 1
7.22222 0.555556 1
7.77778 0.555556 1
8.33333 0.555556 1
8.88889 0.555556 1
9.44444 0.555556 1
5.55556 0.666667 1
6.11111 0.666667 1
6.66667 0.666667 1
7.22222 0.666667 1
7.77778 0.666667 1
8.33333 0.666667 1
8.88889 0.666667 1
9.44444 0.666667 1
5.55556 0.777778 1
6.11111 0.777778 1
6.66667 0.777778 1
7.22222 0.777778 1
7.77778 0.777778 1
8.33333 0.777778 1
8.88889 0.777778 1
9.44444 0.777778 1
5.55556 0.888889 1
6.11111 0.888889 1
6.66667 0.888889 1
7.22222 0.888889 1
7.77778 0.888889 1
8.33333 0.888889 1
8.88889 0.888889 1
9.44444 0.888889 1
0.555556 0.111111 0.111111
1.11111 0.111111 0.111111
1.66667 0.111111 0.111111
2.22222 0.111111 0.111111
2.77778 0.111111 0.111111
3.33333 0.111111 0.111111
3.88889 0.111111 0.111111
4.44444 0.111111 0.111111
0.555556 0.222222 0.111111
1.11111 0.222222 0.111111
1.66667 0.222222 0.111111
2.22222 0.222222 0.111111
2.77778 0.222222 0.111111
3.33333 0.222222 0.111111
3.88889 0.222222 0.111111
4.44444 0.222222 0.111111
0.555556 0.333333 0.111111
1.11111 0.333333 0.111111
1.66667 0.333333 0.111111
2.22222 0.333333 0.111111
2.77778 0.333333 0.111111
3.33333 0.333333 0.111111
3.88889 0.333333 0.111111
4.44444 0.333333 0.111111
0.555556 0.444444 0.111111
1.11111 0.444444 0.111111
1.66667 0.444444 0.111111
2.22222 0.444444 0.111111
2.77778 0.444444 0.111111
3.33333 0.444444 0.111111
3.88889 0.444444 0.111111
4.44444 0.444444 0.111111
0.555556 0.555556 0.111111
1.11111 0.555556 0.111111
1.66667 0.555556 0.111111
2.22222 0.555556 0.111111
2.77778 0.555556 0.111111
3.33333 0.555556 0.111111
3.88889 0.555556 0.111111
4.44444 0.555556 0.111111
0.555556 0.666667 0.111111
1.11111 0.666667 0.111111
1.66667 0.666667 0.111111
2.22222 0.666667 0.111111
2.77778 0.666667 0.111111
3.33333 0.666667 0.111111
3.88889 0.666667 0.111111
4.44444 0.666667 0.111111
0.555556 0.777778 0.111111
1.11111 0.777778 0.111111
1.66667 0.777778 0.111111
2.22222 0.777778 0.111111
2.77778 0.777778 0.111111
3.33333 0.777778 0.111111
3.88889 0.777778 0.111111
4.44444 0.777778 0.111111
0.555556 0.888889 0.111111
1.11111 0.888889 0.111111
1.66667 0.888889 0.111111
2.22222 0.888889 0.111111
2.77778 0.888889 0.111111
3.33333 0.888889 0.111111
3.88889 0.888889 0.111111
4.44444 0.888889 0.111111
0.555556 0.111111 0.222222
1.11111 0.111111 0.222222
1.66667 0.111111 0.222222
2.22222 0.111111 0.222222
2.77778 0.111111 0.222222
3.33333 0.111111 0.222222
3.88889 0.111111 0.222222
4.44444 0.111111 0.222222
0.555556 0.222222 0.222222
1.11111 0.222222 0.222222
1.66667 0.222222 0.222222
2.22222 0.222222 0.222222
2.77778 0.222222 0.222222
3.33333 0.222222 0.222222
3.88889 0.222222 0.222222
4.44444 0.222222 0.222222
0.555556 0.333333 0.222222
1.11111 0.333333 0.222222
1.66667 0.333333 0.222222
2.22222 0.333333 0.222222
2.77778 0.333333 0.222222
3.33333 0.333333 0.222222
3.88889 0.333333 0.222222
4.44444 0.333333 0.222222
0.555556 0.444444 0.222222
1.11111 0.444444 0.222222
1.66667 0.444444 0.222222
2.22222 0.444444 0.222222
2.77778 0.444444 0.222222
3.33333 0.444444 0.222222
3.88889 0.444444 0.222222
4.44444 0.444444 0.222222
0.555556 0.555556 0.222222
1.11111 0.555556 0.222222
1.66667 0.555556 0.222222
2.22222 0.555556 0.222222
2.77778 0.555556 0.222222
3.33333 0.555556 0.222222
3.88889 0.555556 0.222222
4.44444 0.555556 0.222222
0.555556 0.666667 0.222222
1.11111 0.666667 0.222222
1.66667 0.666667 0.222222
2.22222 0.666667 0.222222
2.77778 0.666667 0.222222
3.33333 0.666667 0.222222
3.88889 0.666667 0.222222
4.44444 0.666667 0.222222
0.555556 0.777778 0.222222
1.11111 0.777778 0.222222
1.66667 0.777778 0.222222
2.22222 0.777778 0.222222
2.77778 0.777778 0.222222
3.33333 0.777778 0.222222
3.88889 0.777778 0.222222
4.44444 0.777778 0.222222
0.555556 0.888889 0.222222
1.11111 0.888889 0.222222
1.66667 0.888889 0.222222
2.22222 0.888889 0.222222
2.77778 0.888889 0.222222
3.33333 0.888889 0.222222
3.88889 0.888889 0.222222
4.44444 0.888889 0.222222
0.555556 0.111111 0.333333
1.11111 0.111111 0.333333
1.66667 0.111111 0.333333
2.22222 0.111111 0.333333
2.77778 0.111111 0.333333
3.33333 0.111111 0.333333
3.88889 0.111111 0.333333
4.44444 0.111111 0.333333
0.555556 0.222222 0.333333
1.11111 0.222222 0.333333
1.66667 0.222222 0.333333
2.22222 0.222222 0.333333
2.77778 0.222222 0.333333
3.33333 0.222222 0.333333
3.88889 0.222222 0.333333
4.44444 0.222222 0.333333
0.555556 0.333333 0.333333
1.11111 0.333333 0.333333
1.66667 0.333333 0.333333
2.22222 0.333333 0.333333
2.77778 0.333333 0.333333
3.33333 0.333333 0.333333
3.88889 0.333333 0.333333
4.44444 0.333333 0.333333
0.555556 0.444444 0.333333
1.11111 0.444444 0.333333
1.66667 0.444444 0.333333
2.22222 0.444444 0.333333
2.77778 0.444444 0.333333
3.33333 0.444444 0.333333
3.88889 0.444444 0.333333
4.44444 0.444444 0.333333
0.555556 0.555556 0.333333
1.11111 0.555556 0.333333
1.66667 0.555556 0.333333
2.22222 0.555556 0.333333
2.77778 0.555556 0.333333
3.33333 0.555556 0.333333
3.88889 0.555556 0.333333
4.44444 0.555556 0.333333
0.555556 0.666667 0.333333
1.11111 0.666667 0.333333
1.66667 0.666667 0.333333
2.22222 0.666667 0.333333
2.77778 0.666667 0.333333
3.33333 0.666667 0.333333
3.88889 0.666667 0.333333
4.44444 0.666667 0.333333
0.555556 0.777778 0.333333
1.11111 0.777778 0.333333
1.66667 0.777778 0.333333
2.22222 0.777778 0.333333
2.77778 0.777778 0.333333
3.33333 0.777778 0.333333
3.88889 0.777778 0.333333
4.44444 0.777778 0.333333
0.555556 0.888889 0.333333
1.11111 0.888889 0.333333
1.66667 0.888889 0.333333
2.22222 0.888889 0.333333
2.77778 0.888889 0.333333
3.33333 0.888889 0.333333
3.88889 0.888889 0.333333
4.44444 0.888889 0.333333
0.555556 0.111111 0.444444
1.11111 0.111111 0.444444
1.66667 0.111111 0.444444
2.22222 0.111111 0.444444
2.77778 0.111111 0.444444
3.33333 0.111111 0.444444
3.88889 0.111111 0.444444
4.44444 0.111111 0.444444
0.555556 0.222222 0.444444
1.11111 0.222222 0.444444
1.66667 0.222222 0.444444
2.22222 0.222222 0.444444
2.77778 0.222222 0.444444
3.33333 0.222222 0.444444
3.88889 0.222222 0.444444
4.44444 0.222222 0.444444
0.555556 0.333333 0.444444
1.11111 0.333333 0.444444
1.66667 0.333333 0.444444
2.22222 0.333333 0.444444
2.77778 0.333333 0.444444
3.33333 0.333333 0.444444
3.88889 0.333333 0.444444
4.44444 0.333333 0.444444
0.555556 0.444444 0.444444
1.11111 0.444444 0.444444
1.66667 0.444444 0.444444
2.22222 0.444444 0.444444
2.77778 0.444444 0.444444
3.33333 0.444444 0.444444
3.88889 0.444444 0.444444
4.44444 0.444444 0.444444
0.555556 0.555556 0.444444
1.11111 0.555556 0.444444
1.66667 0.555556 0.444444
2.22222 0.555556 0.444444
2.77778 0.555556 0.444444
3.33333 0.555556 0.444444
3.88889 0.555556 0.444444
4.44444 0.555556 0.444444
0.555556 0.666667 0.444444
1.11111 0.666667 0.444444
1.66667 0.666667 0.444444
2.22222 0.666667 0.444444
2.77778 0.666667 0.444444
3.33333 0.666667 0.444444
3.88889 0.666667 0.444444
4.44444 0.666667 0.444444
0.555556 0.777778 0.444444
1.11111 0.777778 0.444444
1.66667 0.777778 0.444444
2.22222 0.777778 0.444444
2.77778 0.777778 0.444444
3.33333 0.777778 0.444444
3.88889 0.777778 0.444444
4.44444 0.777778 0.444444
0.555556 0.888889 0.444444
1.11111 0.888889 0.444444
1.66667 0.888889 0.444444
2.22222 0.888889 0.444444
2.77778 0.888889 0.444444
3.33333 0.888889 0.444444
3.88889 0.888889 0.444444
4.44444 0.888889 0.444444
0.555556 0.111111 0.555556
1.11111 0.111111 0.555556
1.66667 0.111111 0.555556
2.22222 0.111111 0.555556
2.77778 0.111111 0.555556
3.33333 0.111111 0.555556
3.88889 0.111111 0.555556
4.44444 0.111111 0.555556
0.555556 0.222222 0.555556
1.11111 0.222222 0.555556
1.66667 0.222222 0.555556
2.22222 0.222222 0.555556
2.77778 0.222222 0.555556
3.33333 0.222222 0.555556
3.88889 0.222222 0.555556
4.44444 0.222222 0.555556
0.555556 0.333333 0.555556
1.11111 0.333333 0.555556
1.66667 0.333333 0.555556
2.22222 0.333333 0.555556
2.77778 0.333333 0.555556
3.33333 0.333333 0.555556
3.88889 0.333333 0.555556
4.44444 0.333333 0.555556
0.555556 0.444444 0.555556
1.11111 0.444444 0.555556
1.66667 0.444444 0.555556
2.22222 0.444444 0.555556
2.77778 0.444444 0.555556
3.33333 0.444444 0.555556
3.88889 0.444444 0.555556
4.44444 0.444444 0.555556
0.555556 0.555556 0.555556
1.11111 0.555556 0.555556
1.66667 0.555556 0.555556
2.22222 0.555556 0.555556
2.77778 0.555556 0.555556
3.33333 0.555556 0.555556
3.88889 0.555556 0.555556
4.44444 0.555556 0.555556
0.555556 0.666667 0.555556
1.11111 0.666667 0.555556
1.66667 0.666667 0.555556
2.22222 0.666667 0.555556
2.77778 0.666667 0.555556
3.33333 0.666667 0.555556
3.88889 0.666667 0.555556
4.44444 0.666667 0.555556
0.555556 0.777778 0.555556
1.11111 0.777778 0.555556
1.66667 0.777778 0.555556
2.22222 0.777778 0.555556
2.77778 0.777778 0.555556
3.33333 0.777778 0.555556
3.88889 0.777778 0.555556
4.44444 0.777778 0.555556
0.555556 0.888889 0.555556
1.11111 0.888889 0.555556
1.66667 0.888889 0.555556
2.22222 0.888889 0.555556
2.77778 0.888889 0.555556
3.33333 0.888889 0.555556
3.88889 0.888889 0.555556
4.44444 0.888889 0.555556
0.555556 0.111111 0.666667
1.11111 0.111111 0.666667
1.66667 0.111111 0.666667
2.22222 0.111111 0.666667
2.77778 0.111111 0.666667
3.33333 0.111111 0.666667
3.88889 0.111111 0.666667
4.44444 0.111111 0.666667
0.555556 0.222222 0.666667
1.11111 0.222222 0.666667
1.66667 0.222222 0.666667
2.22222 0.222222 0.666667
2.77778 0.222222 0.666667
3.33333 0.222222 0.666667
3.88889 0.222222 0.666667
4.44444 0.222222 0.666667
0.555556 0.333333 0.666667
1.11111 0.333333 0.666667
1.66667 0.333333 0.666667
2.22222 0.333333 0.666667
2.77778 0.333333 0.666667
3.33333 0.333333 0.666667
3.88889 0.333333 0.666667
4.44444 0.333333 0.666667
0.555556 0.444444 0.666667
1.11111 0.444444 0.666667
1.66667 0.444444 0.666667
2.22222 0.444444 0.666667
2.77778 0.444444 0.666667
3.33333 0.444444 0.666667
3.88889 0.444444 0.666667
4.44444 0.444444 0.666667
0.555556 0.555556 0.666667
1.11111 0.555556 0.666667
1.66667 0.555556 0.666667
2.22222 0.555556 0.666667
2.77778 0.555556 0.666667
3.33333 0.555556 0.666667
3.88889 0.555556 0.666667
4.44444 0.555556 0.666667
0.555556 0.666667 0.666667
1.11111 0.666667 0.666667
1.66667 0.666667 0.666667
2.22222 0.666667 0.666667
2.77778 0.666667 0.666667
3.33333 0.666667 0.666667
3.88889 0.666667 0.666667
4.44444 0.666667 0.666667
0.555556 0.777778 0.666667
1.11111 0.777778 0.666667
1.66667 0.777778 0.666667
2.22222 0.777778 0.666667
2.77778 0.777778 0.666667
3.33333 0.777778 0.666667
3.88889 0.777778 0.666667
4.44444 0.777778 0.666667
0.555556 0.888889 0.666667
1.11111 0.888889 0.666667
1.66667 0.888889 0.666667
2.22222 0.888889 0.666667
2.77778 0.888889 0.666667
3.33333 0.888889 0.666667
3.88889 0.888889 0.666667
4.44444 0.888889 0.666667
0.555556 0.111111 0.777778
1.11111 0.111111 0.777778
1.66667 0.111111 0.777778
2.22222 0.111111 0.777778
2.77778 0.111111 0.777778
3.33333 0.111111 0.777778
3.88889 0.111111 0.777778
4.44444 0.111111 0.777778
0.555556 0.222222 0.777778
1.11111 0.222222 0.777778
1.66667 0.222222 0.777778
2.22222 0.222222 0.777778
2.77778 0.222222 0.777778
3.33333 0.222222 0.777778
3.88889 0.222222 0.777778
4.44444 0.222222 0.777778
0.555556 0.333333 0.777778
1.11111 0.333333 0.777778
1.66667 0.333333 0.777778
2.22222 0.333333 0.777778
2.77778 0.333333 0.777778
3.33333 0.333333 0.777778
3.88889 0.333333 0.777778
4.44444 0.333333 0.777778
0.555556 0.444444 0.777778
1.11111 0.444444 0.777778
1.66667 0.444444 0.777778
2.22222 0.444444 0.777778
2.77778 0.444444 0.777778
3.33333 0.444444 0.777778
3.88889 0.444444 0.777778
4.44444 0.444444 0.777778
0.555556 0.555556 0.777778
1.11111 0.555556 0.777778
1.66667 0.555556 0.777778
2.22222 0.555556 0.777778
2.77778 0.555556 0.777778
3.33333 0.555556 0.777778
3.88889 0.555556 0.777778
4.44444 0.555556 0.777778
0.555556 0.666667 0.777778
1.11111 0.666667 0.777778
1.66667 0.666667 0.777778
2.22222 0.666667 0.777778
2.77778 0.666667 0.777778
3.33333 0.666667 0.777778
3.88889 0.666667 0.777778
4.44444 0.666667 0.777778
0.555556 0.777778 0.777778
1.11111 0.777778 0.777778
1.66667 0.777778 0.777778
2.22222 0.777778 0.777778
2.77778 0.777778 0.777778
3.33333 0.777778 0.777778
3.88889 0.777778 0.777778
4.44444 0.777778 0.777778
0.555556 0.888889 0.777778
1.11111 0.888889 0.777778
1.66667 0.888889 0.777778
2.22222 0.888889 0.777778
2.77778 0.888889 0.777778
3.33333 0.888889 0.777778
3.88889 0.888889 0.777778
4.44444 0.888889 0.777778
0.555556 0.111111 0.888889
1.11111 0.111111 0.888889
1.66667 0.111111 0.888889
2.22222 0.111111 0.888889
2.77778 0.111111 0.888889
3.33333 0.111111 0.888889
3.88889 0.111111 0.888889
4.44444 0.111111 0.888889
0.555556 0.222222 0.888889
1.11111 0.222222 0.888889
1.66667 0.222222 0.888889
2.22222 0.222222 0.888889
2.77778 0.222222 0.888889
3.33333 0.222222 0.888889
3.88889 0.222222 0.888889
4.44444 0.222222 0.888889
0.555556 0.333333 0.888889
1.11111 0.333333 0.888889
1.66667 0.333333 0.888889
2.22222 0.333333 0.888889
2.77778 0.333333 0.888889
3.33333 0.333333 0.888889
3.88889 0.333333 0.888889
4.44444 0.333333 0.888889
0.555556 0.444444 0.888889
1.11111 0.444444 0.888889
1.66667 0.444444 0.888889
2.22222 0.444444 0.888889
2.77778 0.444444 0.888889
3.33333 0.444444 0.888889
3.88889 0.444444 0.888889
4.44444 0.444444 0.888889
0.555556 0.555556 0.888889
1.11111 0.555556 0.888889
1.66667 0.555556 0.888889
2.22222 0.555556 0.888889
2.77778 0.555556 0.888889
3.33333 0.555556 0.888889
3.88889 0.555556 0.888889
4.44444 0.555556 0.888889
0.555556 0.666667 0.888889
1.11111 0.666667 0.888889
1.66667 0.666667 0.888889
2.22222 0.666667 0.888889
2.77778 0.666667 0.888889
3.33333 0.666667 0.888889
3.88889 0.666667 0.888889
4.44444 0.666667 0.888889
0.555556 0.777778 0.888889
1.11111 0.777778 0.888889
1.66667 0.777778 0.888889
2.22222 0.777778 0.888889
2.77778 0.777778 0.888889
3.33333 0.777778 0.888889
3.88889 0.777778 0.888889
4.44444 0.777778 0.888889
0.555556 0.888889 0.888889
1.11111 0.888889 0.888889
1.66667 0.888889 0.888889
2.22222 0.888889 0.888889
2.77778 0.888889 0.888889
3.33333 0.888889 0.888889
3.88889 0.888889 0.888889
4.44444 0.888889 0.888889
5.55556 0.111111 0.111111
6.11111 0.111111 0.111111
6.66667 0.111111 0.111111
7.22222 0.111111 0.111111
7.77778 0.111111 0.111111
8.33333 0.111111 0.111111
8.88889 0.111111 0.111111
9.44444 0.111111 0.111111
5.55556 0.222222 0.111111
6.11111 0.222222 0.111111
6.66667 0.222222 0.111111
7.22222 0.222222 0.111111
7.77778 0.222222 0.111111
8.33333 0.222222 0.111111
8.88889 0.222222 0.111111
9.44444 0.222222 0.111111
5.55556 0.333333 0.111111
6.11111 0.333333 0.111111
6.66667 0.333333 0.111111
7.22222 0.333333 0.111111
7.77778 0.333333 0.111111
8.33333 0.333333 0.111111
8.88889 0.333333 0.111111
9.44444 0.333333 0.111111
5.55556 0.444444 0.111111
6.11111 0.444444 0.111111
6.66667 0.444444 0.111111
7.22222 0.444444 0.111111
7.77778 0.444444 0.111111
8.33333 0.444444 0.111111
8.88889 0.444444 0.111111
9.44444 0.444444 0.111111
5.55556 0.555556 0.111111
6.11111 0.555556 0.111111
6.66667 0.555556 0.111111
7.22222 0.555556 0.111111
7.77778 0.555556 0.111111
8.33333 0.555556 0.111111
8.88889 0.555556 0.111111
9.44444 0.555556 0.111111
5.55556 0.666667 0.111111
6.11111 0.666667 0.111111
6.66667 0.666667 0.111111
7.22222 0.666667 0.111111
7.77778 0.666667 0.111111
8.33333 0.666667 0.111111
8.88889 0.666667 0.111111
9.44444 0.666667 0.111111
5.55556 0.777778 0.111111
6.11111 0.777778 0.111111
6.66667 0.777778 0.111111
7.22222 0.777778 0.111111
7.77778 0.777778 0.111111
8.33333 0.777778 0.111111
8.88889 0.777778 0.111111
9.44444 0.777778 0.111111
5.55556 0.888889 0.111111
6.11111 0.888889 0.111111
6.66667 0.888889 0.111111
7.22222 0.888889 0.111111
7.77778 0.888889 0.111111
8.33333 0.888889 0.111111
8.88889 0.888889 0.111111
9.44444 0.888889 0.111111
5.55556 0.111111 0.222222
6.11111 0.111111 0.222222
6.66667 0.111111 0.222222
7.22222 0.111111 0.222222
7.77778 0.111111 0.222222
8.33333 0.111111 0.222222
8.88889 0.111111 0.222222
9.44444 0.111111 0.222222
5.55556 0.222222 0.222222
6.11111 0.222222 0.222222
6.66667 0.222222 0.222222
7.22222 0.222222 0.222222
7.77778 0.222222 0.222222
8.33333 0.222222 0.222222
8.88889 0.222222 0.222222
9.44444 0.222222 0.222222
5.55556 0.333333 0.222222
6.11111 0.333333 0.222222
6.66667 0.333333 0.222222
7.22222 0.333333 0.222222
7.77778 0.333333 0.222222
8.33333 0.333333 0.222222
8.88889 0.333333 0.222222
9.44444 0.333333 0.222222
5.55556 0.444444 0.222222
6.11111 0.444444 0.222222
6.66667 0.444444 0.222222
7.22222 0.444444 0.222222
7.77778 0.444444 0.222222
8.33333 0.444444 0.222222
8.88889 0.444444 0.222222
9.44444 0.444444 0.222222
5.55556 0.555556 0.222222
6.11111 0.555556 0.222222
6.66667 0.555556 0.222222
7.22222 0.555556 0.222222
7.77778 0.555556 0.222222
8.33333 0.555556 0.222222
8.88889 0.555556 0.222222
9.44444 0.555556 0.222222
5.55556 0.666667 0.222222
6.11111 0.666667 0.222222
6.66667 0.666667 0.222222
7.22222 0.666667 0.222222
7.77778 0.666667 0.222222
8.33333 0.666667 0.222222
8.88889 0.666667 0.222222
9.44444 0.666667 0.222222
5.55556 0.777778 0.222222
6.11111 0.777778 0.222222
6.66667 0.777778 0.222222
7.22222 0.777778 0.222222
7.77778 0.777778 0.222222
8.33333 0.777778 0.222222
8.88889 0.777778 0.222222
9.44444 0.777778 0.222222
5.55556 0.888889 0.222222
6.11111 0.888889 0.222222
6.66667 0.888889 0.222222
7.22222 0.888889 0.222222
7.77778 0.888889 0.222222
8.33333 0.888889 0.222222
8.88889 0.888889 0.222222
9.44444 0.888889 0.222222
5.55556 0.111111 0.333333
6.11111 0.111111 0.333333
6.66667 0.111111 0.333333
7.22222 0.111111 0.333333
7.77778 0.111111 0.333333
8.33333 0.111111 0.333333
8.88889 0.111111 0.333333
9.44444 0.111111 0.333333
5.55556 0.222222 0.333333
6.11111 0.222222 0.333333
6.66667 0.222222 0.333333
7.22222 0.222222 0.333333
7.77778 0.222222 0.333333
8.33333 0.222222 0.333333
8.88889 0.222222 0.333333
9.44444 0.222222 0.333333
5.55556 0.333333 0.333333
6.11111 0.333333 0.333333
6.66667 0.333333 0.333333
7.22222 0.333333 0.333333
7.77778 0.333333 0.333333
8.33333 0.333333 0.333333
8.88889 0.333333 0.333333
9.44444 0.333333 0.333333
5.55556 0.444444 0.333333
6.11111 0.444444 0.333333
6.66667 0.444444 0.333333
7.22222 0.444444 0.333333
7.77778 0.444444 0.333333
8.33333 0.444444 0.333333
8.88889 0.444444 0.333333
9.44444 0.444444 0.333333
5.55556 0.555556 0.333333
6.11111 0.555556 0.333333
6.66667 0.555556 0.333333
7.22222 0.555556 0.333333
7.77778 0.555556 0.333333
8.33333 0.555556 0.333333
8.88889 0.555556 0.333333
9.44444 0.555556 0.333333
5.55556 0.666667 0.333333
6.11111 0.666667 0.333333
6.66667 0.666667 0.333333
7.22222 0.666667 0.333333
7.77778 0.666667 0.333333
8.33333 0.666667 0.333333
8.88889 0.666667 0.333333
9.44444 0.666667 0.333333
5.55556 0.777778 0.333333
6.11111 0.777778 0.333333
6.66667 0.777778 0.333333
7.22222 0.777778 0.333333
7.77778 0.777778 0.333333
8.33333 0.777778 0.333333
8.88889 0.777778 0.333333
9.44444 0.777778 0.333333
5.55556 0.888889 0.333333
6.11111 0.888889 0.333333
6.66667 0.888889 0.333333
7.22222 0.888889 0.333333
7.77778 0.888889 0.333333
8.33333 0.888889 0.333333
8.88889 0.888889 0.333333
9.44444 0.888889 0.333333
5.55556 0.111111 0.444444
6.11111 0.111111 0.444444
6.66667 0.111111 0.444444
7.22222 0.111111 0.444444
7.77778 0.111111 0.444444
8.33333 0.111111 0.444444
8.88889 0.111111 0.444444
9.44444 0.111111 0.444444
5.55556 0.222222 0.444444
6.11111 0.222222 0.444444
6.66667 0.222222 0.444444
7.22222 0.222222 0.444444
7.77778 0.222222 0.444444
8.33333 0.222222 0.444444
8.88889 0.222222 0.444444
9.44444 0.222222 0.444444
5.55556 0.333333 0.444444
6.11111 0.333333 0.444444
6.66667 0.333333 0.444444
7.22222 0.333333 0.444444
7.77778 0.333333 0.444444
8.33333 0.333333 0.444444
8.88889 0.333333 0.444444
9.44444 0.333333 0.444444
5.55556 0.444444 0.444444
6.11111 0.444444 0.444444
6.66667 0.444444 0.444444
7.22222 0.444444 0.444444
7.77778 0.444444 0.444444
8.33333 0.444444 0.444444
8.88889 0.444444 0.444444
9.44444 0.444444 0.444444
5.55556 0.555556 0.444444
6.11111 0.555556 0.444444
6.66667 0.555556 0.444444
7.22222 0.555556 0.444444
7.77778 0.555556 0.444444
8.33333 0.555556 0.444444
8.88889 0.555556 0.444444
9.44444 0.555556 0.444444
5.55556 0.666667 0.444444
6.11111 0.666667 0.444444
6.66667 0.666667 0.444444
7.22222 0.666667 0.444444
7.77778 0.666667 0.444444
8.33333 0.666667 0.444444
8.88889 0.666667 0.444444
9.44444 0.666667 0.444444
5.55556 0.777778 0.444444
6.11111 0.777778 0.444444
6.66667 0.777778 0.444444
7.22222 0.777778 0.444444
7.77778 0.777778 0.444444
8.33333 0.777778 0.444444
8.88889 0.777778 0.444444
9.44444 0.777778 0.444444
5.55556 0.888889 0.444444
6.11111 0.888889 0.444444
6.66667 0.888889 0.444444
7.22222 0.888889 0.444444
7.77778 0.888889 0.444444
8.33333 0.888889 0.444444
8.88889 0.888889 0.444444
9.44444 0.888889 0.444444
5.55556 0.111111 0.555556
6.11111 0.111111 0.555556
6.66667 0.111111 0.555556
7.22222 0.111111 0.555556
7.77778 0.111111 0.555556
8.33333 0.111111 0.555556
8.88889 0.111111 0.555556
9.44444 0.111111 0.555556
5.55556 0.222222 0.555556
6.11111 0.222222 0.555556
6.66667 0.222222 0.555556
7.22222 0.222222 0.555556
7.77778 0.222222 0.555556
8.33333 0.222222 0.555556
8.88889 0.222222 0.555556
9.44444 0.222222 0.555556
5.55556 0.333333 0.555556
6.11111 0.333333 0.555556
6.66667 0.333333 0.555556
7.22222 0.333333 0.555556
7.77778 0.333333 0.555556
8.33333 0.333333 0.555556
8.88889 0.333333 0.555556
9.44444 0.333333 0.555556
5.55556 0.444444 0.555556
6.11111 0.444444 0.555556
6.66667 0.444444 0.555556
7.22222 0.444444 0.555556
7.77778 0.444444 0.555556
8.33333 0.444444 0.555556
8.88889 0.444444 0.555556
9.44444 0.444444 0.555556
5.55556 0.555556 0.555556
6.11111 0.555556 0.555556
6.66667 0.555556 0.555556
7.22222 0.555556 0.555556
7.77778 0.555556 0.555556
8.33333 0.555556 0.555556
8.88889 0.555556 0.555556
9.44444 0.555556 0.555556
5.55556 0.666667 0.555556
6.11111 0.666667 0.555556
6.66667 0.666667 0.555556
7.22222 0.666667 0.555556
7.77778 0.666667 0.555556
8.33333 0.666667 0.555556
8.88889 0.666667 0.555556
9.44444 0.666667 0.555556
5.55556 0.777778 0.555556
6.11111 0.777778 0.555556
6.66667 0.777778 0.555556
7.22222 0.777778 0.555556
7.77778 0.777778 0.555556
8.33333 0.777778 0.555556
8.88889 0.777778 0.555556
9.44444 0.777778 0.555556
5.55556 0.888889 0.555556
6.11111 0.888889 0.555556
6.66667 0.888889 0.555556
7.22222 0.888889 0.555556
7.77778 0.888889 0.555556
8.33333 0.888889 0.555556
8.88889 0.888889 0.555556
9.44444 0.888889 0.555556
5.55556 0.111111 0.666667
6.11111 0.111111 0.666667
6.66667 0.111111 0.666667
7.22222 0.111111 0.666667
7.77778 0.111111 0.666667
8.33333 0.111111 0.666667
8.88889 0.111111 0.666667
9.44444 0.111111 0.666667
5.55556 0.222222 0.666667
6.11111 0.222222 0.666667
6.66667 0.222222 0.666667
7.22222 0.222222 0.666667
7.77778 0.222222 0.666667
8.33333 0.222222 0.666667
8.88889 0.222222 0.666667
9.44444 0.222222 0.666667
5.55556 0.333333 0.666667
6.11111 0.333333 0.666667
6.66667 0.333333 0.666667
7.22222 0.333333 0.666667
7.77778 0.333333 0.666667
8.33333 0.333333 0.666667
8.88889 0.333333 0.666667
9.44444 0.333333 0.666667
5.55556 0.444444 0.666667
6.11111 0.444444 0.666667
6.66667 0.444444 0.666667
7.22222 0.444444 0.666667
7.77778 0.444444 0.666667
8.33333 0.444444 0.666667
8.88889 0.444444 0.666667
9.44444 0.444444 0.666667
5.55556 0.555556 0.666667
6.11111 0.555556 0.666667
6.66667 0.555556 0.666667
7.22222 0.555556 0.666667
7.77778 0.555556 0.666667
8.33333 0.555556 0.666667
8.88889 0.555556 0.666667
9.44444 0.555556 0.666667
5.55556 0.666667 0.666667
6.11111 0.666667 0.666667
6.66667 0.666667 0.666667
7.22222 0.666667 0.666667
7.77778 0.666667 0.666667
8.33333 0.666667 0.666667
8.88889 0.666667 0.666667
9.44444 0.666667 0.666667
5.55556 0.777778 0.666667
6.11111 0.777778 0.666667
6.66667 0.777778 0.666667
7.22222 0.777778 0.666667
7.77778 0.777778 0.666667
8.33333 0.777778 0.666667
8.88889 0.777778 0.666667
9.44444 0.777778 0.666667
5.55556 0.888889 0.666667
6.11111 0.888889 0.666667
6.66667 0.888889 0.666667
7.22222 0.888889 0.666667
7.77778 0.888889 0.666667
8.33333 0.888889 0.666667
8.88889 0.888889 0.666667
9.44444 0.888889 0.666667
5.55556 0.111111 0.777778
6.11111 0.111111 0.777778
6.66667 0.111111 0.777778
7.22222 0.111111 0.777778
7.77778 0.111111 0.777778
8.33333 0.111111 0.777778
8.88889 0.111111 0.777778
9.44444 0.111111 0.777778
5.55556 0.222222 0.777778
6.11111 0.222222 0.777778
6.66667 0.222222 0.777778
7.22222 0.222222 0.777778
7.77778 0.222222 0.777778
8.33333 0.222222 0.777778
8.88889 0.222222 0.777778
9.44444 0.222222 0.777778
5.55556 0.333333 0.777778
6.11111 0.333333 0.777778
6.66667 0.333333 0.777778
7.22222 0.333333 0.777778
7.77778 0.333333 0.777778
8.33333 0.333333 0.777778
8.88889 0.333333 0.777778
9.44444 0.333333 0.777778
5.55556 0.444444 0.777778
6.11111 0.444444 0.777778
6.66667 0.444444 0.777778
7.22222 0.444444 0.777778
7.77778 0.444444 0.777778
8.33333 0.444444 0.777778
8.88889 0.444444 0.777778
9.44444 0.444444 0.777778
5.55556 0.555556 0.777778
6.11111 0.555556 0.777778
6.66667 0.555556 0.777778
7.22222 0.555556 0.777778
7.77778 0.555556 0.777778
8.33333 0.555556 0.777778
8.88889 0.555556 0.777778
9.44444 0.555556 0.777778
5.55556 0.666667 0.777778
6.11111 0.666667 0.777778
6.66667 0.666667 0.777778
7.22222 0.666667 0.777778
7.77778 0.666667 0.777778
8.33333 0.666667 0.777778
8.88889 0.666667 0.777778
9.44444 0.666667 0.777778
5.55556 0.777778 0.777778
6.11111 0.777778 0.777778
6.66667 0.777778 0.777778
7.22222 0.777778 0.777778
7.77778 0.777778 0.777778
8.33333 0.777778 0.777778
8.88889 0.777778 0.777778
9.44444 0.777778 0.777778
5.55556 0.888889 0.777778
6.11111 0.888889 0.777778
6.66667 0.888889 0.777778
7.22222 0.888889 0.777778
7.77778 0.888889 0.777778
8.33333 0.888889 0.777778
8.88889 0.888889 0.777778
9.44444 0.888889 0.777778
5.55556 0.111111 0.888889
6.11111 0.111111 0.888889
6.66667 0.111111 0.888889
7.22222 0.111111 0.888889
7.77778 0.111111 0.888889
8.33333 0.111111 0.888889
8.88889 0.111111 0.888889
9.44444 0.111111 0.888889
5.55556 0.222222 0.888889
6.11111 0.222222 0.888889
6.66667 0.222222 0.888889
7.22222 0.222222 0.888889
7.77778 0.222222 0.888889
8.33333 0.222222 0.888889
8.88889 0.222222 0.888889
9.44444 0.222222 0.888889
5.55556 0.333333 0.888889
6.11111 0.333333 0.888889
6.66667 0.333333 0.888889
7.22222 0.333333 0.888889
7.77778 0.333333 0.888889
8.33333 0.333333 0.888889
8.88889 0.333333 0.888889
9.44444 0.333333 0.888889
5.55556 0.444444 0.888889
6.11111 0.444444 0.888889
6.66667 0.444444 0.888889
7.22222 0.444444 0.888889
7.77778 0.444444 0.888889
8.33333 0.444444 0.888889
8.88889 0.444444 0.888889
9.44444 0.444444 0.888889
5.55556 0.555556 0.888889
6.11111 0.555556 0.888889
6.66667 0.555556 0.888889
7.22222 0.555556 0.888889
7.77778 0.555556 0.888889
8.33333 0.555556 0.888889
8.88889 0.555556 0.888889
9.44444 0.555556 0.888889
5.55556 0.666667 0.888889
6.11111 0.666667 0.888889
6.66667 0.666667 0.888889
7.22222 0.666667 0.888889
7.77778 0.666667 0.888889
8.33333 0.666667 0.888889
8.88889 0.666667 0.888889
9.44444 0.666667 0.888889
5.55556 0.777778 0.888889
6.11111 0.777778 0.888889
6.66667 0.777778 0.888889
7.22222 0.777778 0.888889
7.77778 0.777778 0.888889
8.33333 0.777778 0.888889
8.88889 0.777778 0.888889
9.44444 0.777778 0.888889
5.55556 0.888889 0.888889
6.11111 0.888889 0.888889
6.66667 0.888889 0.888889
7.22222 0.888889 0.888889
7.77778 0.888889 0.888889
8.33333 0.888889 0.888889
8.88889 0.888889 0.888889
9.44444 0.888889 0.888889
