1458 1900
23 5 172 12 1 36 876 300 76 428 
23 5 876 300 76 428 877 308 77 429 
23 5 877 308 77 429 878 316 78 430 
23 5 878 316 78 430 879 324 79 431 
23 5 879 324 79 431 880 332 80 432 
23 5 880 332 80 432 881 340 81 433 
23 5 881 340 81 433 882 348 82 434 
23 5 882 348 82 434 883 356 83 435 
23 5 883 356 83 435 236 44 4 68 
23 5 173 172 36 37 884 876 428 436 
23 5 884 876 428 436 885 877 429 437 
23 5 885 877 429 437 886 878 430 438 
23 5 886 878 430 438 887 879 431 439 
23 5 887 879 431 439 888 880 432 440 
23 5 888 880 432 440 889 881 433 441 
23 5 889 881 433 441 890 882 434 442 
23 5 890 882 434 442 891 883 435 443 
23 5 891 883 435 443 237 236 68 69 
23 5 174 173 37 38 892 884 436 444 
23 5 892 884 436 444 893 885 437 445 
23 5 893 885 437 445 894 886 438 446 
23 5 894 886 438 446 895 887 439 447 
23 5 895 887 439 447 896 888 440 448 
23 5 896 888 440 448 897 889 441 449 
23 5 897 889 441 449 898 890 442 450 
23 5 898 890 442 450 899 891 443 451 
23 5 899 891 443 451 238 237 69 70 
23 5 175 174 38 39 900 892 444 452 
23 5 900 892 444 452 901 893 445 453 
23 5 901 893 445 453 902 894 446 454 
23 5 902 894 446 454 903 895 447 455 
23 5 903 895 447 455 904 896 448 456 
23 5 904 896 448 456 905 897 449 457 
23 5 905 897 449 457 906 898 450 458 
23 5 906 898 450 458 907 899 451 459 
23 5 907 899 451 459 239 238 70 71 
23 5 176 175 39 40 908 900 452 460 
23 5 908 900 452 460 909 901 453 461 
23 5 909 901 453 461 910 902 454 462 
23 5 910 902 454 462 911 903 455 463 
23 5 911 903 455 463 912 904 456 464 
23 5 912 904 456 464 913 905 457 465 
23 5 913 905 457 465 914 906 458 466 
23 5 914 906 458 466 915 907 459 467 
23 5 915 907 459 467 240 239 71 72 
23 5 177 176 40 41 916 908 460 468 
23 5 916 908 460 468 917 909 461 469 
23 5 917 909 461 469 918 910 462 470 
23 5 918 910 462 470 919 911 463 471 
23 5 919 911 463 471 920 912 464 472 
23 5 920 912 464 472 921 913 465 473 
23 5 921 913 465 473 922 914 466 474 
23 5 922 914 466 474 923 915 467 475 
23 5 923 915 467 475 241 240 72 73 
23 5 178 177 41 42 924 916 468 476 
23 5 924 916 468 476 925 917 469 477 
23 5 925 917 469 477 926 918 470 478 
23 5 926 918 470 478 927 919 471 479 
23 5 927 919 471 479 928 920 472 480 
23 5 928 920 472 480 929 921 473 481 
23 5 929 921 473 481 930 922 474 482 
23 5 930 922 474 482 931 923 475 483 
23 5 931 923 475 483 242 241 73 74 
23 5 179 178 42 43 932 924 476 484 
23 5 932 924 476 484 933 925 477 485 
23 5 933 925 477 485 934 926 478 486 
23 5 934 926 478 486 935 927 479 487 
23 5 935 927 479 487 936 928 480 488 
23 5 936 928 480 488 937 929 481 489 
23 5 937 929 481 489 938 930 482 490 
23 5 938 930 482 490 939 931 483 491 
23 5 939 931 483 491 243 242 74 75 
23 5 28 179 43 3 364 932 484 92 
23 5 364 932 484 92 372 933 485 93 
23 5 372 933 485 93 380 934 486 94 
23 5 380 934 486 94 388 935 487 95 
23 5 388 935 487 95 396 936 488 96 
23 5 396 936 488 96 404 937 489 97 
23 5 404 937 489 97 412 938 490 98 
23 5 412 938 490 98 420 939 491 99 
23 5 420 939 491 99 60 243 75 7 
23 5 180 13 12 172 940 301 300 876 
23 5 940 301 300 876 941 309 308 877 
23 5 941 309 308 877 942 317 316 878 
23 5 942 317 316 878 943 325 324 879 
23 5 943 325 324 879 944 333 332 880 
23 5 944 333 332 880 945 341 340 881 
23 5 945 341 340 881 946 349 348 882 
23 5 946 349 348 882 947 357 356 883 
23 5 947 357 356 883 244 45 44 236 
23 5 181 180 172 173 948 940 876 884 
23 5 948 940 876 884 949 941 877 885 
23 5 949 941 877 885 950 942 878 886 
23 5 950 942 878 886 951 943 879 887 
23 5 951 943 879 887 952 944 880 888 
23 5 952 944 880 888 953 945 881 889 
23 5 953 945 881 889 954 946 882 890 
23 5 954 946 882 890 955 947 883 891 
23 5 955 947 883 891 245 244 236 237 
23 5 182 181 173 174 956 948 884 892 
23 5 956 948 884 892 957 949 885 893 
23 5 957 949 885 893 958 950 886 894 
23 5 958 950 886 894 959 951 887 895 
23 5 959 951 887 895 960 952 888 896 
23 5 960 952 888 896 961 953 889 897 
23 5 961 953 889 897 962 954 890 898 
23 5 962 954 890 898 963 955 891 899 
23 5 963 955 891 899 246 245 237 238 
23 5 183 182 174 175 964 956 892 900 
23 5 964 956 892 900 965 957 893 901 
23 5 965 957 893 901 966 958 894 902 
23 5 966 958 894 902 967 959 895 903 
23 5 967 959 895 903 968 960 896 904 
23 5 968 960 896 904 969 961 897 905 
23 5 969 961 897 905 970 962 898 906 
23 5 970 962 898 906 971 963 899 907 
23 5 971 963 899 907 247 246 238 239 
23 5 184 183 175 176 972 964 900 908 
23 5 972 964 900 908 973 965 901 909 
23 5 973 965 901 909 974 966 902 910 
23 5 974 966 902 910 975 967 903 911 
23 5 975 967 903 911 976 968 904 912 
23 5 976 968 904 912 977 969 905 913 
23 5 977 969 905 913 978 970 906 914 
23 5 978 970 906 914 979 971 907 915 
23 5 979 971 907 915 248 247 239 240 
23 5 185 184 176 177 980 972 908 916 
23 5 980 972 908 916 981 973 909 917 
23 5 981 973 909 917 982 974 910 918 
23 5 982 974 910 918 983 975 911 919 
23 5 983 975 911 919 984 976 912 920 
23 5 984 976 912 920 985 977 913 921 
23 5 985 977 913 921 986 978 914 922 
23 5 986 978 914 922 987 979 915 923 
23 5 987 979 915 923 249 248 240 241 
23 5 186 185 177 178 988 980 916 924 
23 5 988 980 916 924 989 981 917 925 
23 5 989 981 917 925 990 982 918 926 
23 5 990 982 918 926 991 983 919 927 
23 5 991 983 919 927 992 984 920 928 
23 5 992 984 920 928 993 985 921 929 
23 5 993 985 921 929 994 986 922 930 
23 5 994 986 922 930 995 987 923 931 
23 5 995 987 923 931 250 249 241 242 
23 5 187 186 178 179 996 988 924 932 
23 5 996 988 924 932 997 989 925 933 
23 5 997 989 925 933 998 990 926 934 
23 5 998 990 926 934 999 991 927 935 
23 5 999 991 927 935 1000 992 928 936 
23 5 1000 992 928 936 1001 993 929 937 
23 5 1001 993 929 937 1002 994 930 938 
23 5 1002 994 930 938 1003 995 931 939 
23 5 1003 995 931 939 251 250 242 243 
23 5 29 187 179 28 365 996 932 364 
23 5 365 996 932 364 373 997 933 372 
23 5 373 997 933 372 381 998 934 380 
23 5 381 998 934 380 389 999 935 388 
23 5 389 999 935 388 397 1000 936 396 
23 5 397 1000 936 396 405 1001 937 404 
23 5 405 1001 937 404 413 1002 938 412 
23 5 413 1002 938 412 421 1003 939 420 
23 5 421 1003 939 420 61 251 243 60 
23 5 188 14 13 180 1004 302 301 940 
23 5 1004 302 301 940 1005 310 309 941 
23 5 1005 310 309 941 1006 318 317 942 
23 5 1006 318 317 942 1007 326 325 943 
23 5 1007 326 325 943 1008 334 333 944 
23 5 1008 334 333 944 1009 342 341 945 
23 5 1009 342 341 945 1010 350 349 946 
23 5 1010 350 349 946 1011 358 357 947 
23 5 1011 358 357 947 252 46 45 244 
23 5 189 188 180 181 1012 1004 940 948 
23 5 1012 1004 940 948 1013 1005 941 949 
23 5 1013 1005 941 949 1014 1006 942 950 
23 5 1014 1006 942 950 1015 1007 943 951 
23 5 1015 1007 943 951 1016 1008 944 952 
23 5 1016 1008 944 952 1017 1009 945 953 
23 5 1017 1009 945 953 1018 1010 946 954 
23 5 1018 1010 946 954 1019 1011 947 955 
23 5 1019 1011 947 955 253 252 244 245 
23 5 190 189 181 182 1020 1012 948 956 
23 5 1020 1012 948 956 1021 1013 949 957 
23 5 1021 1013 949 957 1022 1014 950 958 
23 5 1022 1014 950 958 1023 1015 951 959 
23 5 1023 1015 951 959 1024 1016 952 960 
23 5 1024 1016 952 960 1025 1017 953 961 
23 5 1025 1017 953 961 1026 1018 954 962 
23 5 1026 1018 954 962 1027 1019 955 963 
23 5 1027 1019 955 963 254 253 245 246 
23 5 191 190 182 183 1028 1020 956 964 
23 5 1028 1020 956 964 1029 1021 957 965 
23 5 1029 1021 957 965 1030 1022 958 966 
23 5 1030 1022 958 966 1031 1023 959 967 
23 5 1031 1023 959 967 1032 1024 960 968 
23 5 1032 1024 960 968 1033 1025 961 969 
23 5 1033 1025 961 969 1034 1026 962 970 
23 5 1034 1026 962 970 1035 1027 963 971 
23 5 1035 1027 963 971 255 254 246 247 
23 5 192 191 183 184 1036 1028 964 972 
23 5 1036 1028 964 972 1037 1029 965 973 
23 5 1037 1029 965 973 1038 1030 966 974 
23 5 1038 1030 966 974 1039 1031 967 975 
23 5 1039 1031 967 975 1040 1032 968 976 
23 5 1040 1032 968 976 1041 1033 969 977 
23 5 1041 1033 969 977 1042 1034 970 978 
23 5 1042 1034 970 978 1043 1035 971 979 
23 5 1043 1035 971 979 256 255 247 248 
23 5 193 192 184 185 1044 1036 972 980 
23 5 1044 1036 972 980 1045 1037 973 981 
23 5 1045 1037 973 981 1046 1038 974 982 
23 5 1046 1038 974 982 1047 1039 975 983 
23 5 1047 1039 975 983 1048 1040 976 984 
23 5 1048 1040 976 984 1049 1041 977 985 
23 5 1049 1041 977 985 1050 1042 978 986 
23 5 1050 1042 978 986 1051 1043 979 987 
23 5 1051 1043 979 987 257 256 248 249 
23 5 194 193 185 186 1052 1044 980 988 
23 5 1052 1044 980 988 1053 1045 981 989 
23 5 1053 1045 981 989 1054 1046 982 990 
23 5 1054 1046 982 990 1055 1047 983 991 
23 5 1055 1047 983 991 1056 1048 984 992 
23 5 1056 1048 984 992 1057 1049 985 993 
23 5 1057 1049 985 993 1058 1050 986 994 
23 5 1058 1050 986 994 1059 1051 987 995 
23 5 1059 1051 987 995 258 257 249 250 
23 5 195 194 186 187 1060 1052 988 996 
23 5 1060 1052 988 996 1061 1053 989 997 
23 5 1061 1053 989 997 1062 1054 990 998 
23 5 1062 1054 990 998 1063 1055 991 999 
23 5 1063 1055 991 999 1064 1056 992 1000 
23 5 1064 1056 992 1000 1065 1057 993 1001 
23 5 1065 1057 993 1001 1066 1058 994 1002 
23 5 1066 1058 994 1002 1067 1059 995 1003 
23 5 1067 1059 995 1003 259 258 250 251 
23 5 30 195 187 29 366 1060 996 365 
23 5 366 1060 996 365 374 1061 997 373 
23 5 374 1061 997 373 382 1062 998 381 
23 5 382 1062 998 381 390 1063 999 389 
23 5 390 1063 999 389 398 1064 1000 397 
23 5 398 1064 1000 397 406 1065 1001 405 
23 5 406 1065 1001 405 414 1066 1002 413 
23 5 414 1066 1002 413 422 1067 1003 421 
23 5 422 1067 1003 421 62 259 251 61 
23 5 196 15 14 188 1068 303 302 1004 
23 5 1068 303 302 1004 1069 311 310 1005 
23 5 1069 311 310 1005 1070 319 318 1006 
23 5 1070 319 318 1006 1071 327 326 1007 
23 5 1071 327 326 1007 1072 335 334 1008 
23 5 1072 335 334 1008 1073 343 342 1009 
23 5 1073 343 342 1009 1074 351 350 1010 
23 5 1074 351 350 1010 1075 359 358 1011 
23 5 1075 359 358 1011 260 47 46 252 
23 5 197 196 188 189 1076 1068 1004 1012 
23 5 1076 1068 1004 1012 1077 1069 1005 1013 
23 5 1077 1069 1005 1013 1078 1070 1006 1014 
23 5 1078 1070 1006 1014 1079 1071 1007 1015 
23 5 1079 1071 1007 1015 1080 1072 1008 1016 
23 5 1080 1072 1008 1016 1081 1073 1009 1017 
23 5 1081 1073 1009 1017 1082 1074 1010 1018 
23 5 1082 1074 1010 1018 1083 1075 1011 1019 
23 5 1083 1075 1011 1019 261 260 252 253 
23 5 198 197 189 190 1084 1076 1012 1020 
23 5 1084 1076 1012 1020 1085 1077 1013 1021 
23 5 1085 1077 1013 1021 1086 1078 1014 1022 
23 5 1086 1078 1014 1022 1087 1079 1015 1023 
23 5 1087 1079 1015 1023 1088 1080 1016 1024 
23 5 1088 1080 1016 1024 1089 1081 1017 1025 
23 5 1089 1081 1017 1025 1090 1082 1018 1026 
23 5 1090 1082 1018 1026 1091 1083 1019 1027 
23 5 1091 1083 1019 1027 262 261 253 254 
23 5 199 198 190 191 1092 1084 1020 1028 
23 5 1092 1084 1020 1028 1093 1085 1021 1029 
23 5 1093 1085 1021 1029 1094 1086 1022 1030 
23 5 1094 1086 1022 1030 1095 1087 1023 1031 
23 5 1095 1087 1023 1031 1096 1088 1024 1032 
23 5 1096 1088 1024 1032 1097 1089 1025 1033 
23 5 1097 1089 1025 1033 1098 1090 1026 1034 
23 5 1098 1090 1026 1034 1099 1091 1027 1035 
23 5 1099 1091 1027 1035 263 262 254 255 
23 5 200 199 191 192 1100 1092 1028 1036 
23 5 1100 1092 1028 1036 1101 1093 1029 1037 
23 5 1101 1093 1029 1037 1102 1094 1030 1038 
23 5 1102 1094 1030 1038 1103 1095 1031 1039 
23 5 1103 1095 1031 1039 1104 1096 1032 1040 
23 5 1104 1096 1032 1040 1105 1097 1033 1041 
23 5 1105 1097 1033 1041 1106 1098 1034 1042 
23 5 1106 1098 1034 1042 1107 1099 1035 1043 
23 5 1107 1099 1035 1043 264 263 255 256 
23 5 201 200 192 193 1108 1100 1036 1044 
23 5 1108 1100 1036 1044 1109 1101 1037 1045 
23 5 1109 1101 1037 1045 1110 1102 1038 1046 
23 5 1110 1102 1038 1046 1111 1103 1039 1047 
23 5 1111 1103 1039 1047 1112 1104 1040 1048 
23 5 1112 1104 1040 1048 1113 1105 1041 1049 
23 5 1113 1105 1041 1049 1114 1106 1042 1050 
23 5 1114 1106 1042 1050 1115 1107 1043 1051 
23 5 1115 1107 1043 1051 265 264 256 257 
23 5 202 201 193 194 1116 1108 1044 1052 
23 5 1116 1108 1044 1052 1117 1109 1045 1053 
23 5 1117 1109 1045 1053 1118 1110 1046 1054 
23 5 1118 1110 1046 1054 1119 1111 1047 1055 
23 5 1119 1111 1047 1055 1120 1112 1048 1056 
23 5 1120 1112 1048 1056 1121 1113 1049 1057 
23 5 1121 1113 1049 1057 1122 1114 1050 1058 
23 5 1122 1114 1050 1058 1123 1115 1051 1059 
23 5 1123 1115 1051 1059 266 265 257 258 
23 5 203 202 194 195 1124 1116 1052 1060 
23 5 1124 1116 1052 1060 1125 1117 1053 1061 
23 5 1125 1117 1053 1061 1126 1118 1054 1062 
23 5 1126 1118 1054 1062 1127 1119 1055 1063 
23 5 1127 1119 1055 1063 1128 1120 1056 1064 
23 5 1128 1120 1056 1064 1129 1121 1057 1065 
23 5 1129 1121 1057 1065 1130 1122 1058 1066 
23 5 1130 1122 1058 1066 1131 1123 1059 1067 
23 5 1131 1123 1059 1067 267 266 258 259 
23 5 31 203 195 30 367 1124 1060 366 
23 5 367 1124 1060 366 375 1125 1061 374 
23 5 375 1125 1061 374 383 1126 1062 382 
23 5 383 1126 1062 382 391 1127 1063 390 
23 5 391 1127 1063 390 399 1128 1064 398 
23 5 399 1128 1064 398 407 1129 1065 406 
23 5 407 1129 1065 406 415 1130 1066 414 
23 5 415 1130 1066 414 423 1131 1067 422 
23 5 423 1131 1067 422 63 267 259 62 
23 5 204 16 15 196 1132 304 303 1068 
23 5 1132 304 303 1068 1133 312 311 1069 
23 5 1133 312 311 1069 1134 320 319 1070 
23 5 1134 320 319 1070 1135 328 327 1071 
23 5 1135 328 327 1071 1136 336 335 1072 
23 5 1136 336 335 1072 1137 344 343 1073 
23 5 1137 344 343 1073 1138 352 351 1074 
23 5 1138 352 351 1074 1139 360 359 1075 
23 5 1139 360 359 1075 268 48 47 260 
23 5 205 204 196 197 1140 1132 1068 1076 
23 5 1140 1132 1068 1076 1141 1133 1069 1077 
23 5 1141 1133 1069 1077 1142 1134 1070 1078 
23 5 1142 1134 1070 1078 1143 1135 1071 1079 
23 5 1143 1135 1071 1079 1144 1136 1072 1080 
23 5 1144 1136 1072 1080 1145 1137 1073 1081 
23 5 1145 1137 1073 1081 1146 1138 1074 1082 
23 5 1146 1138 1074 1082 1147 1139 1075 1083 
23 5 1147 1139 1075 1083 269 268 260 261 
23 5 206 205 197 198 1148 1140 1076 1084 
23 5 1148 1140 1076 1084 1149 1141 1077 1085 
23 5 1149 1141 1077 1085 1150 1142 1078 1086 
23 5 1150 1142 1078 1086 1151 1143 1079 1087 
23 5 1151 1143 1079 1087 1152 1144 1080 1088 
23 5 1152 1144 1080 1088 1153 1145 1081 1089 
23 5 1153 1145 1081 1089 1154 1146 1082 1090 
23 5 1154 1146 1082 1090 1155 1147 1083 1091 
23 5 1155 1147 1083 1091 270 269 261 262 
23 5 207 206 198 199 1156 1148 1084 1092 
23 5 1156 1148 1084 1092 1157 1149 1085 1093 
23 5 1157 1149 1085 1093 1158 1150 1086 1094 
23 5 1158 1150 1086 1094 1159 1151 1087 1095 
23 5 1159 1151 1087 1095 1160 1152 1088 1096 
23 5 1160 1152 1088 1096 1161 1153 1089 1097 
23 5 1161 1153 1089 1097 1162 1154 1090 1098 
23 5 1162 1154 1090 1098 1163 1155 1091 1099 
23 5 1163 1155 1091 1099 271 270 262 263 
23 5 208 207 199 200 1164 1156 1092 1100 
23 5 1164 1156 1092 1100 1165 1157 1093 1101 
23 5 1165 1157 1093 1101 1166 1158 1094 1102 
23 5 1166 1158 1094 1102 1167 1159 1095 1103 
23 5 1167 1159 1095 1103 1168 1160 1096 1104 
23 5 1168 1160 1096 1104 1169 1161 1097 1105 
23 5 1169 1161 1097 1105 1170 1162 1098 1106 
23 5 1170 1162 1098 1106 1171 1163 1099 1107 
23 5 1171 1163 1099 1107 272 271 263 264 
23 5 209 208 200 201 1172 1164 1100 1108 
23 5 1172 1164 1100 1108 1173 1165 1101 1109 
23 5 1173 1165 1101 1109 1174 1166 1102 1110 
23 5 1174 1166 1102 1110 1175 1167 1103 1111 
23 5 1175 1167 1103 1111 1176 1168 1104 1112 
23 5 1176 1168 1104 1112 1177 1169 1105 1113 
23 5 1177 1169 1105 1113 1178 1170 1106 1114 
23 5 1178 1170 1106 1114 1179 1171 1107 1115 
23 5 1179 1171 1107 1115 273 272 264 265 
23 5 210 209 201 202 1180 1172 1108 1116 
23 5 1180 1172 1108 1116 1181 1173 1109 1117 
23 5 1181 1173 1109 1117 1182 1174 1110 1118 
23 5 1182 1174 1110 1118 1183 1175 1111 1119 
23 5 1183 1175 1111 1119 1184 1176 1112 1120 
23 5 1184 1176 1112 1120 1185 1177 1113 1121 
23 5 1185 1177 1113 1121 1186 1178 1114 1122 
23 5 1186 1178 1114 1122 1187 1179 1115 1123 
23 5 1187 1179 1115 1123 274 273 265 266 
23 5 211 210 202 203 1188 1180 1116 1124 
23 5 1188 1180 1116 1124 1189 1181 1117 1125 
23 5 1189 1181 1117 1125 1190 1182 1118 1126 
23 5 1190 1182 1118 1126 1191 1183 1119 1127 
23 5 1191 1183 1119 1127 1192 1184 1120 1128 
23 5 1192 1184 1120 1128 1193 1185 1121 1129 
23 5 1193 1185 1121 1129 1194 1186 1122 1130 
23 5 1194 1186 1122 1130 1195 1187 1123 1131 
23 5 1195 1187 1123 1131 275 274 266 267 
23 5 32 211 203 31 368 1188 1124 367 
23 5 368 1188 1124 367 376 1189 1125 375 
23 5 376 1189 1125 375 384 1190 1126 383 
23 5 384 1190 1126 383 392 1191 1127 391 
23 5 392 1191 1127 391 400 1192 1128 399 
23 5 400 1192 1128 399 408 1193 1129 407 
23 5 408 1193 1129 407 416 1194 1130 415 
23 5 416 1194 1130 415 424 1195 1131 423 
23 5 424 1195 1131 423 64 275 267 63 
23 5 212 17 16 204 1196 305 304 1132 
23 5 1196 305 304 1132 1197 313 312 1133 
23 5 1197 313 312 1133 1198 321 320 1134 
23 5 1198 321 320 1134 1199 329 328 1135 
23 5 1199 329 328 1135 1200 337 336 1136 
23 5 1200 337 336 1136 1201 345 344 1137 
23 5 1201 345 344 1137 1202 353 352 1138 
23 5 1202 353 352 1138 1203 361 360 1139 
23 5 1203 361 360 1139 276 49 48 268 
23 5 213 212 204 205 1204 1196 1132 1140 
23 5 1204 1196 1132 1140 1205 1197 1133 1141 
23 5 1205 1197 1133 1141 1206 1198 1134 1142 
23 5 1206 1198 1134 1142 1207 1199 1135 1143 
23 5 1207 1199 1135 1143 1208 1200 1136 1144 
23 5 1208 1200 1136 1144 1209 1201 1137 1145 
23 5 1209 1201 1137 1145 1210 1202 1138 1146 
23 5 1210 1202 1138 1146 1211 1203 1139 1147 
23 5 1211 1203 1139 1147 277 276 268 269 
23 5 214 213 205 206 1212 1204 1140 1148 
23 5 1212 1204 1140 1148 1213 1205 1141 1149 
23 5 1213 1205 1141 1149 1214 1206 1142 1150 
23 5 1214 1206 1142 1150 1215 1207 1143 1151 
23 5 1215 1207 1143 1151 1216 1208 1144 1152 
23 5 1216 1208 1144 1152 1217 1209 1145 1153 
23 5 1217 1209 1145 1153 1218 1210 1146 1154 
23 5 1218 1210 1146 1154 1219 1211 1147 1155 
23 5 1219 1211 1147 1155 278 277 269 270 
23 5 215 214 206 207 1220 1212 1148 1156 
23 5 1220 1212 1148 1156 1221 1213 1149 1157 
23 5 1221 1213 1149 1157 1222 1214 1150 1158 
23 5 1222 1214 1150 1158 1223 1215 1151 1159 
23 5 1223 1215 1151 1159 1224 1216 1152 1160 
23 5 1224 1216 1152 1160 1225 1217 1153 1161 
23 5 1225 1217 1153 1161 1226 1218 1154 1162 
23 5 1226 1218 1154 1162 1227 1219 1155 1163 
23 5 1227 1219 1155 1163 279 278 270 271 
23 5 216 215 207 208 1228 1220 1156 1164 
23 5 1228 1220 1156 1164 1229 1221 1157 1165 
23 5 1229 1221 1157 1165 1230 1222 1158 1166 
23 5 1230 1222 1158 1166 1231 1223 1159 1167 
23 5 1231 1223 1159 1167 1232 1224 1160 1168 
23 5 1232 1224 1160 1168 1233 1225 1161 1169 
23 5 1233 1225 1161 1169 1234 1226 1162 1170 
23 5 1234 1226 1162 1170 1235 1227 1163 1171 
23 5 1235 1227 1163 1171 280 279 271 272 
23 5 217 216 208 209 1236 1228 1164 1172 
23 5 1236 1228 1164 1172 1237 1229 1165 1173 
23 5 1237 1229 1165 1173 1238 1230 1166 1174 
23 5 1238 1230 1166 1174 1239 1231 1167 1175 
23 5 1239 1231 1167 1175 1240 1232 1168 1176 
23 5 1240 1232 1168 1176 1241 1233 1169 1177 
23 5 1241 1233 1169 1177 1242 1234 1170 1178 
23 5 1242 1234 1170 1178 1243 1235 1171 1179 
23 5 1243 1235 1171 1179 281 280 272 273 
23 5 218 217 209 210 1244 1236 1172 1180 
23 5 1244 1236 1172 1180 1245 1237 1173 1181 
23 5 1245 1237 1173 1181 1246 1238 1174 1182 
23 5 1246 1238 1174 1182 1247 1239 1175 1183 
23 5 1247 1239 1175 1183 1248 1240 1176 1184 
23 5 1248 1240 1176 1184 1249 1241 1177 1185 
23 5 1249 1241 1177 1185 1250 1242 1178 1186 
23 5 1250 1242 1178 1186 1251 1243 1179 1187 
23 5 1251 1243 1179 1187 282 281 273 274 
23 5 219 218 210 211 1252 1244 1180 1188 
23 5 1252 1244 1180 1188 1253 1245 1181 1189 
23 5 1253 1245 1181 1189 1254 1246 1182 1190 
23 5 1254 1246 1182 1190 1255 1247 1183 1191 
23 5 1255 1247 1183 1191 1256 1248 1184 1192 
23 5 1256 1248 1184 1192 1257 1249 1185 1193 
23 5 1257 1249 1185 1193 1258 1250 1186 1194 
23 5 1258 1250 1186 1194 1259 1251 1187 1195 
23 5 1259 1251 1187 1195 283 282 274 275 
23 5 33 219 211 32 369 1252 1188 368 
23 5 369 1252 1188 368 377 1253 1189 376 
23 5 377 1253 1189 376 385 1254 1190 384 
23 5 385 1254 1190 384 393 1255 1191 392 
23 5 393 1255 1191 392 401 1256 1192 400 
23 5 401 1256 1192 400 409 1257 1193 408 
23 5 409 1257 1193 408 417 1258 1194 416 
23 5 417 1258 1194 416 425 1259 1195 424 
23 5 425 1259 1195 424 65 283 275 64 
23 5 220 18 17 212 1260 306 305 1196 
23 5 1260 306 305 1196 1261 314 313 1197 
23 5 1261 314 313 1197 1262 322 321 1198 
23 5 1262 322 321 1198 1263 330 329 1199 
23 5 1263 330 329 1199 1264 338 337 1200 
23 5 1264 338 337 1200 1265 346 345 1201 
23 5 1265 346 345 1201 1266 354 353 1202 
23 5 1266 354 353 1202 1267 362 361 1203 
23 5 1267 362 361 1203 284 50 49 276 
23 5 221 220 212 213 1268 1260 1196 1204 
23 5 1268 1260 1196 1204 1269 1261 1197 1205 
23 5 1269 1261 1197 1205 1270 1262 1198 1206 
23 5 1270 1262 1198 1206 1271 1263 1199 1207 
23 5 1271 1263 1199 1207 1272 1264 1200 1208 
23 5 1272 1264 1200 1208 1273 1265 1201 1209 
23 5 1273 1265 1201 1209 1274 1266 1202 1210 
23 5 1274 1266 1202 1210 1275 1267 1203 1211 
23 5 1275 1267 1203 1211 285 284 276 277 
23 5 222 221 213 214 1276 1268 1204 1212 
23 5 1276 1268 1204 1212 1277 1269 1205 1213 
23 5 1277 1269 1205 1213 1278 1270 1206 1214 
23 5 1278 1270 1206 1214 1279 1271 1207 1215 
23 5 1279 1271 1207 1215 1280 1272 1208 1216 
23 5 1280 1272 1208 1216 1281 1273 1209 1217 
23 5 1281 1273 1209 1217 1282 1274 1210 1218 
23 5 1282 1274 1210 1218 1283 1275 1211 1219 
23 5 1283 1275 1211 1219 286 285 277 278 
23 5 223 222 214 215 1284 1276 1212 1220 
23 5 1284 1276 1212 1220 1285 1277 1213 1221 
23 5 1285 1277 1213 1221 1286 1278 1214 1222 
23 5 1286 1278 1214 1222 1287 1279 1215 1223 
23 5 1287 1279 1215 1223 1288 1280 1216 1224 
23 5 1288 1280 1216 1224 1289 1281 1217 1225 
23 5 1289 1281 1217 1225 1290 1282 1218 1226 
23 5 1290 1282 1218 1226 1291 1283 1219 1227 
23 5 1291 1283 1219 1227 287 286 278 279 
23 5 224 223 215 216 1292 1284 1220 1228 
23 5 1292 1284 1220 1228 1293 1285 1221 1229 
23 5 1293 1285 1221 1229 1294 1286 1222 1230 
23 5 1294 1286 1222 1230 1295 1287 1223 1231 
23 5 1295 1287 1223 1231 1296 1288 1224 1232 
23 5 1296 1288 1224 1232 1297 1289 1225 1233 
23 5 1297 1289 1225 1233 1298 1290 1226 1234 
23 5 1298 1290 1226 1234 1299 1291 1227 1235 
23 5 1299 1291 1227 1235 288 287 279 280 
23 5 225 224 216 217 1300 1292 1228 1236 
23 5 1300 1292 1228 1236 1301 1293 1229 1237 
23 5 1301 1293 1229 1237 1302 1294 1230 1238 
23 5 1302 1294 1230 1238 1303 1295 1231 1239 
23 5 1303 1295 1231 1239 1304 1296 1232 1240 
23 5 1304 1296 1232 1240 1305 1297 1233 1241 
23 5 1305 1297 1233 1241 1306 1298 1234 1242 
23 5 1306 1298 1234 1242 1307 1299 1235 1243 
23 5 1307 1299 1235 1243 289 288 280 281 
23 5 226 225 217 218 1308 1300 1236 1244 
23 5 1308 1300 1236 1244 1309 1301 1237 1245 
23 5 1309 1301 1237 1245 1310 1302 1238 1246 
23 5 1310 1302 1238 1246 1311 1303 1239 1247 
23 5 1311 1303 1239 1247 1312 1304 1240 1248 
23 5 1312 1304 1240 1248 1313 1305 1241 1249 
23 5 1313 1305 1241 1249 1314 1306 1242 1250 
23 5 1314 1306 1242 1250 1315 1307 1243 1251 
23 5 1315 1307 1243 1251 290 289 281 282 
23 5 227 226 218 219 1316 1308 1244 1252 
23 5 1316 1308 1244 1252 1317 1309 1245 1253 
23 5 1317 1309 1245 1253 1318 1310 1246 1254 
23 5 1318 1310 1246 1254 1319 1311 1247 1255 
23 5 1319 1311 1247 1255 1320 1312 1248 1256 
23 5 1320 1312 1248 1256 1321 1313 1249 1257 
23 5 1321 1313 1249 1257 1322 1314 1250 1258 
23 5 1322 1314 1250 1258 1323 1315 1251 1259 
23 5 1323 1315 1251 1259 291 290 282 283 
23 5 34 227 219 33 370 1316 1252 369 
23 5 370 1316 1252 369 378 1317 1253 377 
23 5 378 1317 1253 377 386 1318 1254 385 
23 5 386 1318 1254 385 394 1319 1255 393 
23 5 394 1319 1255 393 402 1320 1256 401 
23 5 402 1320 1256 401 410 1321 1257 409 
23 5 410 1321 1257 409 418 1322 1258 417 
23 5 418 1322 1258 417 426 1323 1259 425 
23 5 426 1323 1259 425 66 291 283 65 
23 5 228 19 18 220 1324 307 306 1260 
23 5 1324 307 306 1260 1325 315 314 1261 
23 5 1325 315 314 1261 1326 323 322 1262 
23 5 1326 323 322 1262 1327 331 330 1263 
23 5 1327 331 330 1263 1328 339 338 1264 
23 5 1328 339 338 1264 1329 347 346 1265 
23 5 1329 347 346 1265 1330 355 354 1266 
23 5 1330 355 354 1266 1331 363 362 1267 
23 5 1331 363 362 1267 292 51 50 284 
23 5 229 228 220 221 1332 1324 1260 1268 
23 5 1332 1324 1260 1268 1333 1325 1261 1269 
23 5 1333 1325 1261 1269 1334 1326 1262 1270 
23 5 1334 1326 1262 1270 1335 1327 1263 1271 
23 5 1335 1327 1263 1271 1336 1328 1264 1272 
23 5 1336 1328 1264 1272 1337 1329 1265 1273 
23 5 1337 1329 1265 1273 1338 1330 1266 1274 
23 5 1338 1330 1266 1274 1339 1331 1267 1275 
23 5 1339 1331 1267 1275 293 292 284 285 
23 5 230 229 221 222 1340 1332 1268 1276 
23 5 1340 1332 1268 1276 1341 1333 1269 1277 
23 5 1341 1333 1269 1277 1342 1334 1270 1278 
23 5 1342 1334 1270 1278 1343 1335 1271 1279 
23 5 1343 1335 1271 1279 1344 1336 1272 1280 
23 5 1344 1336 1272 1280 1345 1337 1273 1281 
23 5 1345 1337 1273 1281 1346 1338 1274 1282 
23 5 1346 1338 1274 1282 1347 1339 1275 1283 
23 5 1347 1339 1275 1283 294 293 285 286 
23 5 231 230 222 223 1348 1340 1276 1284 
23 5 1348 1340 1276 1284 1349 1341 1277 1285 
23 5 1349 1341 1277 1285 1350 1342 1278 1286 
23 5 1350 1342 1278 1286 1351 1343 1279 1287 
23 5 1351 1343 1279 1287 1352 1344 1280 1288 
23 5 1352 1344 1280 1288 1353 1345 1281 1289 
23 5 1353 1345 1281 1289 1354 1346 1282 1290 
23 5 1354 1346 1282 1290 1355 1347 1283 1291 
23 5 1355 1347 1283 1291 295 294 286 287 
23 5 232 231 223 224 1356 1348 1284 1292 
23 5 1356 1348 1284 1292 1357 1349 1285 1293 
23 5 1357 1349 1285 1293 1358 1350 1286 1294 
23 5 1358 1350 1286 1294 1359 1351 1287 1295 
23 5 1359 1351 1287 1295 1360 1352 1288 1296 
23 5 1360 1352 1288 1296 1361 1353 1289 1297 
23 5 1361 1353 1289 1297 1362 1354 1290 1298 
23 5 1362 1354 1290 1298 1363 1355 1291 1299 
23 5 1363 1355 1291 1299 296 295 287 288 
23 5 233 232 224 225 1364 1356 1292 1300 
23 5 1364 1356 1292 1300 1365 1357 1293 1301 
23 5 1365 1357 1293 1301 1366 1358 1294 1302 
23 5 1366 1358 1294 1302 1367 1359 1295 1303 
23 5 1367 1359 1295 1303 1368 1360 1296 1304 
23 5 1368 1360 1296 1304 1369 1361 1297 1305 
23 5 1369 1361 1297 1305 1370 1362 1298 1306 
23 5 1370 1362 1298 1306 1371 1363 1299 1307 
23 5 1371 1363 1299 1307 297 296 288 289 
23 5 234 233 225 226 1372 1364 1300 1308 
23 5 1372 1364 1300 1308 1373 1365 1301 1309 
23 5 1373 1365 1301 1309 1374 1366 1302 1310 
23 5 1374 1366 1302 1310 1375 1367 1303 1311 
23 5 1375 1367 1303 1311 1376 1368 1304 1312 
23 5 1376 1368 1304 1312 1377 1369 1305 1313 
23 5 1377 1369 1305 1313 1378 1370 1306 1314 
23 5 1378 1370 1306 1314 1379 1371 1307 1315 
23 5 1379 1371 1307 1315 298 297 289 290 
23 5 235 234 226 227 1380 1372 1308 1316 
23 5 1380 1372 1308 1316 1381 1373 1309 1317 
23 5 1381 1373 1309 1317 1382 1374 1310 1318 
23 5 1382 1374 1310 1318 1383 1375 1311 1319 
23 5 1383 1375 1311 1319 1384 1376 1312 1320 
23 5 1384 1376 1312 1320 1385 1377 1313 1321 
23 5 1385 1377 1313 1321 1386 1378 1314 1322 
23 5 1386 1378 1314 1322 1387 1379 1315 1323 
23 5 1387 1379 1315 1323 299 298 290 291 
23 5 35 235 227 34 371 1380 1316 370 
23 5 371 1380 1316 370 379 1381 1317 378 
23 5 379 1381 1317 378 387 1382 1318 386 
23 5 387 1382 1318 386 395 1383 1319 394 
23 5 395 1383 1319 394 403 1384 1320 402 
23 5 403 1384 1320 402 411 1385 1321 410 
23 5 411 1385 1321 410 419 1386 1322 418 
23 5 419 1386 1322 418 427 1387 1323 426 
23 5 427 1387 1323 426 67 299 291 66 
23 5 20 0 19 228 492 84 307 1324 
23 5 492 84 307 1324 493 85 315 1325 
23 5 493 85 315 1325 494 86 323 1326 
23 5 494 86 323 1326 495 87 331 1327 
23 5 495 87 331 1327 496 88 339 1328 
23 5 496 88 339 1328 497 89 347 1329 
23 5 497 89 347 1329 498 90 355 1330 
23 5 498 90 355 1330 499 91 363 1331 
23 5 499 91 363 1331 52 5 51 292 
23 5 21 20 228 229 500 492 1324 1332 
23 5 500 492 1324 1332 501 493 1325 1333 
23 5 501 493 1325 1333 502 494 1326 1334 
23 5 502 494 1326 1334 503 495 1327 1335 
23 5 503 495 1327 1335 504 496 1328 1336 
23 5 504 496 1328 1336 505 497 1329 1337 
23 5 505 497 1329 1337 506 498 1330 1338 
23 5 506 498 1330 1338 507 499 1331 1339 
23 5 507 499 1331 1339 53 52 292 293 
23 5 22 21 229 230 508 500 1332 1340 
23 5 508 500 1332 1340 509 501 1333 1341 
23 5 509 501 1333 1341 510 502 1334 1342 
23 5 510 502 1334 1342 511 503 1335 1343 
23 5 511 503 1335 1343 512 504 1336 1344 
23 5 512 504 1336 1344 513 505 1337 1345 
23 5 513 505 1337 1345 514 506 1338 1346 
23 5 514 506 1338 1346 515 507 1339 1347 
23 5 515 507 1339 1347 54 53 293 294 
23 5 23 22 230 231 516 508 1340 1348 
23 5 516 508 1340 1348 517 509 1341 1349 
23 5 517 509 1341 1349 518 510 1342 1350 
23 5 518 510 1342 1350 519 511 1343 1351 
23 5 519 511 1343 1351 520 512 1344 1352 
23 5 520 512 1344 1352 521 513 1345 1353 
23 5 521 513 1345 1353 522 514 1346 1354 
23 5 522 514 1346 1354 523 515 1347 1355 
23 5 523 515 1347 1355 55 54 294 295 
23 5 24 23 231 232 524 516 1348 1356 
23 5 524 516 1348 1356 525 517 1349 1357 
23 5 525 517 1349 1357 526 518 1350 1358 
23 5 526 518 1350 1358 527 519 1351 1359 
23 5 527 519 1351 1359 528 520 1352 1360 
23 5 528 520 1352 1360 529 521 1353 1361 
23 5 529 521 1353 1361 530 522 1354 1362 
23 5 530 522 1354 1362 531 523 1355 1363 
23 5 531 523 1355 1363 56 55 295 296 
23 5 25 24 232 233 532 524 1356 1364 
23 5 532 524 1356 1364 533 525 1357 1365 
23 5 533 525 1357 1365 534 526 1358 1366 
23 5 534 526 1358 1366 535 527 1359 1367 
23 5 535 527 1359 1367 536 528 1360 1368 
23 5 536 528 1360 1368 537 529 1361 1369 
23 5 537 529 1361 1369 538 530 1362 1370 
23 5 538 530 1362 1370 539 531 1363 1371 
23 5 539 531 1363 1371 57 56 296 297 
23 5 26 25 233 234 540 532 1364 1372 
23 5 540 532 1364 1372 541 533 1365 1373 
23 5 541 533 1365 1373 542 534 1366 1374 
23 5 542 534 1366 1374 543 535 1367 1375 
23 5 543 535 1367 1375 544 536 1368 1376 
23 5 544 536 1368 1376 545 537 1369 1377 
23 5 545 537 1369 1377 546 538 1370 1378 
23 5 546 538 1370 1378 547 539 1371 1379 
23 5 547 539 1371 1379 58 57 297 298 
23 5 27 26 234 235 548 540 1372 1380 
23 5 548 540 1372 1380 549 541 1373 1381 
23 5 549 541 1373 1381 550 542 1374 1382 
23 5 550 542 1374 1382 551 543 1375 1383 
23 5 551 543 1375 1383 552 544 1376 1384 
23 5 552 544 1376 1384 553 545 1377 1385 
23 5 553 545 1377 1385 554 546 1378 1386 
23 5 554 546 1378 1386 555 547 1379 1387 
23 5 555 547 1379 1387 59 58 298 299 
23 5 2 27 235 35 100 548 1380 371 
23 5 100 548 1380 371 101 549 1381 379 
23 5 101 549 1381 379 102 550 1382 387 
23 5 102 550 1382 387 103 551 1383 395 
23 5 103 551 1383 395 104 552 1384 403 
23 5 104 552 1384 403 105 553 1385 411 
23 5 105 553 1385 411 106 554 1386 419 
23 5 106 554 1386 419 107 555 1387 427 
23 5 107 555 1387 427 6 59 299 67 
23 5 236 44 4 68 1388 620 140 748 
23 5 1388 620 140 748 1389 628 141 749 
23 5 1389 628 141 749 1390 636 142 750 
23 5 1390 636 142 750 1391 644 143 751 
23 5 1391 644 143 751 1392 652 144 752 
23 5 1392 652 144 752 1393 660 145 753 
23 5 1393 660 145 753 1394 668 146 754 
23 5 1394 668 146 754 1395 676 147 755 
23 5 1395 676 147 755 556 108 9 132 
23 5 237 236 68 69 1396 1388 748 756 
23 5 1396 1388 748 756 1397 1389 749 757 
23 5 1397 1389 749 757 1398 1390 750 758 
23 5 1398 1390 750 758 1399 1391 751 759 
23 5 1399 1391 751 759 1400 1392 752 760 
23 5 1400 1392 752 760 1401 1393 753 761 
23 5 1401 1393 753 761 1402 1394 754 762 
23 5 1402 1394 754 762 1403 1395 755 763 
23 5 1403 1395 755 763 557 556 132 133 
23 5 238 237 69 70 1404 1396 756 764 
23 5 1404 1396 756 764 1405 1397 757 765 
23 5 1405 1397 757 765 1406 1398 758 766 
23 5 1406 1398 758 766 1407 1399 759 767 
23 5 1407 1399 759 767 1408 1400 760 768 
23 5 1408 1400 760 768 1409 1401 761 769 
23 5 1409 1401 761 769 1410 1402 762 770 
23 5 1410 1402 762 770 1411 1403 763 771 
23 5 1411 1403 763 771 558 557 133 134 
23 5 239 238 70 71 1412 1404 764 772 
23 5 1412 1404 764 772 1413 1405 765 773 
23 5 1413 1405 765 773 1414 1406 766 774 
23 5 1414 1406 766 774 1415 1407 767 775 
23 5 1415 1407 767 775 1416 1408 768 776 
23 5 1416 1408 768 776 1417 1409 769 777 
23 5 1417 1409 769 777 1418 1410 770 778 
23 5 1418 1410 770 778 1419 1411 771 779 
23 5 1419 1411 771 779 559 558 134 135 
23 5 240 239 71 72 1420 1412 772 780 
23 5 1420 1412 772 780 1421 1413 773 781 
23 5 1421 1413 773 781 1422 1414 774 782 
23 5 1422 1414 774 782 1423 1415 775 783 
23 5 1423 1415 775 783 1424 1416 776 784 
23 5 1424 1416 776 784 1425 1417 777 785 
23 5 1425 1417 777 785 1426 1418 778 786 
23 5 1426 1418 778 786 1427 1419 779 787 
23 5 1427 1419 779 787 560 559 135 136 
23 5 241 240 72 73 1428 1420 780 788 
23 5 1428 1420 780 788 1429 1421 781 789 
23 5 1429 1421 781 789 1430 1422 782 790 
23 5 1430 1422 782 790 1431 1423 783 791 
23 5 1431 1423 783 791 1432 1424 784 792 
23 5 1432 1424 784 792 1433 1425 785 793 
23 5 1433 1425 785 793 1434 1426 786 794 
23 5 1434 1426 786 794 1435 1427 787 795 
23 5 1435 1427 787 795 561 560 136 137 
23 5 242 241 73 74 1436 1428 788 796 
23 5 1436 1428 788 796 1437 1429 789 797 
23 5 1437 1429 789 797 1438 1430 790 798 
23 5 1438 1430 790 798 1439 1431 791 799 
23 5 1439 1431 791 799 1440 1432 792 800 
23 5 1440 1432 792 800 1441 1433 793 801 
23 5 1441 1433 793 801 1442 1434 794 802 
23 5 1442 1434 794 802 1443 1435 795 803 
23 5 1443 1435 795 803 562 561 137 138 
23 5 243 242 74 75 1444 1436 796 804 
23 5 1444 1436 796 804 1445 1437 797 805 
23 5 1445 1437 797 805 1446 1438 798 806 
23 5 1446 1438 798 806 1447 1439 799 807 
23 5 1447 1439 799 807 1448 1440 800 808 
23 5 1448 1440 800 808 1449 1441 801 809 
23 5 1449 1441 801 809 1450 1442 802 810 
23 5 1450 1442 802 810 1451 1443 803 811 
23 5 1451 1443 803 811 563 562 138 139 
23 5 60 243 75 7 684 1444 804 156 
23 5 684 1444 804 156 692 1445 805 157 
23 5 692 1445 805 157 700 1446 806 158 
23 5 700 1446 806 158 708 1447 807 159 
23 5 708 1447 807 159 716 1448 808 160 
23 5 716 1448 808 160 724 1449 809 161 
23 5 724 1449 809 161 732 1450 810 162 
23 5 732 1450 810 162 740 1451 811 163 
23 5 740 1451 811 163 124 563 139 11 
23 5 244 45 44 236 1452 621 620 1388 
23 5 1452 621 620 1388 1453 629 628 1389 
23 5 1453 629 628 1389 1454 637 636 1390 
23 5 1454 637 636 1390 1455 645 644 1391 
23 5 1455 645 644 1391 1456 653 652 1392 
23 5 1456 653 652 1392 1457 661 660 1393 
23 5 1457 661 660 1393 1458 669 668 1394 
23 5 1458 669 668 1394 1459 677 676 1395 
23 5 1459 677 676 1395 564 109 108 556 
23 5 245 244 236 237 1460 1452 1388 1396 
23 5 1460 1452 1388 1396 1461 1453 1389 1397 
23 5 1461 1453 1389 1397 1462 1454 1390 1398 
23 5 1462 1454 1390 1398 1463 1455 1391 1399 
23 5 1463 1455 1391 1399 1464 1456 1392 1400 
23 5 1464 1456 1392 1400 1465 1457 1393 1401 
23 5 1465 1457 1393 1401 1466 1458 1394 1402 
23 5 1466 1458 1394 1402 1467 1459 1395 1403 
23 5 1467 1459 1395 1403 565 564 556 557 
23 5 246 245 237 238 1468 1460 1396 1404 
23 5 1468 1460 1396 1404 1469 1461 1397 1405 
23 5 1469 1461 1397 1405 1470 1462 1398 1406 
23 5 1470 1462 1398 1406 1471 1463 1399 1407 
23 5 1471 1463 1399 1407 1472 1464 1400 1408 
23 5 1472 1464 1400 1408 1473 1465 1401 1409 
23 5 1473 1465 1401 1409 1474 1466 1402 1410 
23 5 1474 1466 1402 1410 1475 1467 1403 1411 
23 5 1475 1467 1403 1411 566 565 557 558 
23 5 247 246 238 239 1476 1468 1404 1412 
23 5 1476 1468 1404 1412 1477 1469 1405 1413 
23 5 1477 1469 1405 1413 1478 1470 1406 1414 
23 5 1478 1470 1406 1414 1479 1471 1407 1415 
23 5 1479 1471 1407 1415 1480 1472 1408 1416 
23 5 1480 1472 1408 1416 1481 1473 1409 1417 
23 5 1481 1473 1409 1417 1482 1474 1410 1418 
23 5 1482 1474 1410 1418 1483 1475 1411 1419 
23 5 1483 1475 1411 1419 567 566 558 559 
23 5 248 247 239 240 1484 1476 1412 1420 
23 5 1484 1476 1412 1420 1485 1477 1413 1421 
23 5 1485 1477 1413 1421 1486 1478 1414 1422 
23 5 1486 1478 1414 1422 1487 1479 1415 1423 
23 5 1487 1479 1415 1423 1488 1480 1416 1424 
23 5 1488 1480 1416 1424 1489 1481 1417 1425 
23 5 1489 1481 1417 1425 1490 1482 1418 1426 
23 5 1490 1482 1418 1426 1491 1483 1419 1427 
23 5 1491 1483 1419 1427 568 567 559 560 
23 5 249 248 240 241 1492 1484 1420 1428 
23 5 1492 1484 1420 1428 1493 1485 1421 1429 
23 5 1493 1485 1421 1429 1494 1486 1422 1430 
23 5 1494 1486 1422 1430 1495 1487 1423 1431 
23 5 1495 1487 1423 1431 1496 1488 1424 1432 
23 5 1496 1488 1424 1432 1497 1489 1425 1433 
23 5 1497 1489 1425 1433 1498 1490 1426 1434 
23 5 1498 1490 1426 1434 1499 1491 1427 1435 
23 5 1499 1491 1427 1435 569 568 560 561 
23 5 250 249 241 242 1500 1492 1428 1436 
23 5 1500 1492 1428 1436 1501 1493 1429 1437 
23 5 1501 1493 1429 1437 1502 1494 1430 1438 
23 5 1502 1494 1430 1438 1503 1495 1431 1439 
23 5 1503 1495 1431 1439 1504 1496 1432 1440 
23 5 1504 1496 1432 1440 1505 1497 1433 1441 
23 5 1505 1497 1433 1441 1506 1498 1434 1442 
23 5 1506 1498 1434 1442 1507 1499 1435 1443 
23 5 1507 1499 1435 1443 570 569 561 562 
23 5 251 250 242 243 1508 1500 1436 1444 
23 5 1508 1500 1436 1444 1509 1501 1437 1445 
23 5 1509 1501 1437 1445 1510 1502 1438 1446 
23 5 1510 1502 1438 1446 1511 1503 1439 1447 
23 5 1511 1503 1439 1447 1512 1504 1440 1448 
23 5 1512 1504 1440 1448 1513 1505 1441 1449 
23 5 1513 1505 1441 1449 1514 1506 1442 1450 
23 5 1514 1506 1442 1450 1515 1507 1443 1451 
23 5 1515 1507 1443 1451 571 570 562 563 
23 5 61 251 243 60 685 1508 1444 684 
23 5 685 1508 1444 684 693 1509 1445 692 
23 5 693 1509 1445 692 701 1510 1446 700 
23 5 701 1510 1446 700 709 1511 1447 708 
23 5 709 1511 1447 708 717 1512 1448 716 
23 5 717 1512 1448 716 725 1513 1449 724 
23 5 725 1513 1449 724 733 1514 1450 732 
23 5 733 1514 1450 732 741 1515 1451 740 
23 5 741 1515 1451 740 125 571 563 124 
23 5 252 46 45 244 1516 622 621 1452 
23 5 1516 622 621 1452 1517 630 629 1453 
23 5 1517 630 629 1453 1518 638 637 1454 
23 5 1518 638 637 1454 1519 646 645 1455 
23 5 1519 646 645 1455 1520 654 653 1456 
23 5 1520 654 653 1456 1521 662 661 1457 
23 5 1521 662 661 1457 1522 670 669 1458 
23 5 1522 670 669 1458 1523 678 677 1459 
23 5 1523 678 677 1459 572 110 109 564 
23 5 253 252 244 245 1524 1516 1452 1460 
23 5 1524 1516 1452 1460 1525 1517 1453 1461 
23 5 1525 1517 1453 1461 1526 1518 1454 1462 
23 5 1526 1518 1454 1462 1527 1519 1455 1463 
23 5 1527 1519 1455 1463 1528 1520 1456 1464 
23 5 1528 1520 1456 1464 1529 1521 1457 1465 
23 5 1529 1521 1457 1465 1530 1522 1458 1466 
23 5 1530 1522 1458 1466 1531 1523 1459 1467 
23 5 1531 1523 1459 1467 573 572 564 565 
23 5 254 253 245 246 1532 1524 1460 1468 
23 5 1532 1524 1460 1468 1533 1525 1461 1469 
23 5 1533 1525 1461 1469 1534 1526 1462 1470 
23 5 1534 1526 1462 1470 1535 1527 1463 1471 
23 5 1535 1527 1463 1471 1536 1528 1464 1472 
23 5 1536 1528 1464 1472 1537 1529 1465 1473 
23 5 1537 1529 1465 1473 1538 1530 1466 1474 
23 5 1538 1530 1466 1474 1539 1531 1467 1475 
23 5 1539 1531 1467 1475 574 573 565 566 
23 5 255 254 246 247 1540 1532 1468 1476 
23 5 1540 1532 1468 1476 1541 1533 1469 1477 
23 5 1541 1533 1469 1477 1542 1534 1470 1478 
23 5 1542 1534 1470 1478 1543 1535 1471 1479 
23 5 1543 1535 1471 1479 1544 1536 1472 1480 
23 5 1544 1536 1472 1480 1545 1537 1473 1481 
23 5 1545 1537 1473 1481 1546 1538 1474 1482 
23 5 1546 1538 1474 1482 1547 1539 1475 1483 
23 5 1547 1539 1475 1483 575 574 566 567 
23 5 256 255 247 248 1548 1540 1476 1484 
23 5 1548 1540 1476 1484 1549 1541 1477 1485 
23 5 1549 1541 1477 1485 1550 1542 1478 1486 
23 5 1550 1542 1478 1486 1551 1543 1479 1487 
23 5 1551 1543 1479 1487 1552 1544 1480 1488 
23 5 1552 1544 1480 1488 1553 1545 1481 1489 
23 5 1553 1545 1481 1489 1554 1546 1482 1490 
23 5 1554 1546 1482 1490 1555 1547 1483 1491 
23 5 1555 1547 1483 1491 576 575 567 568 
23 5 257 256 248 249 1556 1548 1484 1492 
23 5 1556 1548 1484 1492 1557 1549 1485 1493 
23 5 1557 1549 1485 1493 1558 1550 1486 1494 
23 5 1558 1550 1486 1494 1559 1551 1487 1495 
23 5 1559 1551 1487 1495 1560 1552 1488 1496 
23 5 1560 1552 1488 1496 1561 1553 1489 1497 
23 5 1561 1553 1489 1497 1562 1554 1490 1498 
23 5 1562 1554 1490 1498 1563 1555 1491 1499 
23 5 1563 1555 1491 1499 577 576 568 569 
23 5 258 257 249 250 1564 1556 1492 1500 
23 5 1564 1556 1492 1500 1565 1557 1493 1501 
23 5 1565 1557 1493 1501 1566 1558 1494 1502 
23 5 1566 1558 1494 1502 1567 1559 1495 1503 
23 5 1567 1559 1495 1503 1568 1560 1496 1504 
23 5 1568 1560 1496 1504 1569 1561 1497 1505 
23 5 1569 1561 1497 1505 1570 1562 1498 1506 
23 5 1570 1562 1498 1506 1571 1563 1499 1507 
23 5 1571 1563 1499 1507 578 577 569 570 
23 5 259 258 250 251 1572 1564 1500 1508 
23 5 1572 1564 1500 1508 1573 1565 1501 1509 
23 5 1573 1565 1501 1509 1574 1566 1502 1510 
23 5 1574 1566 1502 1510 1575 1567 1503 1511 
23 5 1575 1567 1503 1511 1576 1568 1504 1512 
23 5 1576 1568 1504 1512 1577 1569 1505 1513 
23 5 1577 1569 1505 1513 1578 1570 1506 1514 
23 5 1578 1570 1506 1514 1579 1571 1507 1515 
23 5 1579 1571 1507 1515 579 578 570 571 
23 5 62 259 251 61 686 1572 1508 685 
23 5 686 1572 1508 685 694 1573 1509 693 
23 5 694 1573 1509 693 702 1574 1510 701 
23 5 702 1574 1510 701 710 1575 1511 709 
23 5 710 1575 1511 709 718 1576 1512 717 
23 5 718 1576 1512 717 726 1577 1513 725 
23 5 726 1577 1513 725 734 1578 1514 733 
23 5 734 1578 1514 733 742 1579 1515 741 
23 5 742 1579 1515 741 126 579 571 125 
23 5 260 47 46 252 1580 623 622 1516 
23 5 1580 623 622 1516 1581 631 630 1517 
23 5 1581 631 630 1517 1582 639 638 1518 
23 5 1582 639 638 1518 1583 647 646 1519 
23 5 1583 647 646 1519 1584 655 654 1520 
23 5 1584 655 654 1520 1585 663 662 1521 
23 5 1585 663 662 1521 1586 671 670 1522 
23 5 1586 671 670 1522 1587 679 678 1523 
23 5 1587 679 678 1523 580 111 110 572 
23 5 261 260 252 253 1588 1580 1516 1524 
23 5 1588 1580 1516 1524 1589 1581 1517 1525 
23 5 1589 1581 1517 1525 1590 1582 1518 1526 
23 5 1590 1582 1518 1526 1591 1583 1519 1527 
23 5 1591 1583 1519 1527 1592 1584 1520 1528 
23 5 1592 1584 1520 1528 1593 1585 1521 1529 
23 5 1593 1585 1521 1529 1594 1586 1522 1530 
23 5 1594 1586 1522 1530 1595 1587 1523 1531 
23 5 1595 1587 1523 1531 581 580 572 573 
23 5 262 261 253 254 1596 1588 1524 1532 
23 5 1596 1588 1524 1532 1597 1589 1525 1533 
23 5 1597 1589 1525 1533 1598 1590 1526 1534 
23 5 1598 1590 1526 1534 1599 1591 1527 1535 
23 5 1599 1591 1527 1535 1600 1592 1528 1536 
23 5 1600 1592 1528 1536 1601 1593 1529 1537 
23 5 1601 1593 1529 1537 1602 1594 1530 1538 
23 5 1602 1594 1530 1538 1603 1595 1531 1539 
23 5 1603 1595 1531 1539 582 581 573 574 
23 5 263 262 254 255 1604 1596 1532 1540 
23 5 1604 1596 1532 1540 1605 1597 1533 1541 
23 5 1605 1597 1533 1541 1606 1598 1534 1542 
23 5 1606 1598 1534 1542 1607 1599 1535 1543 
23 5 1607 1599 1535 1543 1608 1600 1536 1544 
23 5 1608 1600 1536 1544 1609 1601 1537 1545 
23 5 1609 1601 1537 1545 1610 1602 1538 1546 
23 5 1610 1602 1538 1546 1611 1603 1539 1547 
23 5 1611 1603 1539 1547 583 582 574 575 
23 5 264 263 255 256 1612 1604 1540 1548 
23 5 1612 1604 1540 1548 1613 1605 1541 1549 
23 5 1613 1605 1541 1549 1614 1606 1542 1550 
23 5 1614 1606 1542 1550 1615 1607 1543 1551 
23 5 1615 1607 1543 1551 1616 1608 1544 1552 
23 5 1616 1608 1544 1552 1617 1609 1545 1553 
23 5 1617 1609 1545 1553 1618 1610 1546 1554 
23 5 1618 1610 1546 1554 1619 1611 1547 1555 
23 5 1619 1611 1547 1555 584 583 575 576 
23 5 265 264 256 257 1620 1612 1548 1556 
23 5 1620 1612 1548 1556 1621 1613 1549 1557 
23 5 1621 1613 1549 1557 1622 1614 1550 1558 
23 5 1622 1614 1550 1558 1623 1615 1551 1559 
23 5 1623 1615 1551 1559 1624 1616 1552 1560 
23 5 1624 1616 1552 1560 1625 1617 1553 1561 
23 5 1625 1617 1553 1561 1626 1618 1554 1562 
23 5 1626 1618 1554 1562 1627 1619 1555 1563 
23 5 1627 1619 1555 1563 585 584 576 577 
23 5 266 265 257 258 1628 1620 1556 1564 
23 5 1628 1620 1556 1564 1629 1621 1557 1565 
23 5 1629 1621 1557 1565 1630 1622 1558 1566 
23 5 1630 1622 1558 1566 1631 1623 1559 1567 
23 5 1631 1623 1559 1567 1632 1624 1560 1568 
23 5 1632 1624 1560 1568 1633 1625 1561 1569 
23 5 1633 1625 1561 1569 1634 1626 1562 1570 
23 5 1634 1626 1562 1570 1635 1627 1563 1571 
23 5 1635 1627 1563 1571 586 585 577 578 
23 5 267 266 258 259 1636 1628 1564 1572 
23 5 1636 1628 1564 1572 1637 1629 1565 1573 
23 5 1637 1629 1565 1573 1638 1630 1566 1574 
23 5 1638 1630 1566 1574 1639 1631 1567 1575 
23 5 1639 1631 1567 1575 1640 1632 1568 1576 
23 5 1640 1632 1568 1576 1641 1633 1569 1577 
23 5 1641 1633 1569 1577 1642 1634 1570 1578 
23 5 1642 1634 1570 1578 1643 1635 1571 1579 
23 5 1643 1635 1571 1579 587 586 578 579 
23 5 63 267 259 62 687 1636 1572 686 
23 5 687 1636 1572 686 695 1637 1573 694 
23 5 695 1637 1573 694 703 1638 1574 702 
23 5 703 1638 1574 702 711 1639 1575 710 
23 5 711 1639 1575 710 719 1640 1576 718 
23 5 719 1640 1576 718 727 1641 1577 726 
23 5 727 1641 1577 726 735 1642 1578 734 
23 5 735 1642 1578 734 743 1643 1579 742 
23 5 743 1643 1579 742 127 587 579 126 
23 5 268 48 47 260 1644 624 623 1580 
23 5 1644 624 623 1580 1645 632 631 1581 
23 5 1645 632 631 1581 1646 640 639 1582 
23 5 1646 640 639 1582 1647 648 647 1583 
23 5 1647 648 647 1583 1648 656 655 1584 
23 5 1648 656 655 1584 1649 664 663 1585 
23 5 1649 664 663 1585 1650 672 671 1586 
23 5 1650 672 671 1586 1651 680 679 1587 
23 5 1651 680 679 1587 588 112 111 580 
23 5 269 268 260 261 1652 1644 1580 1588 
23 5 1652 1644 1580 1588 1653 1645 1581 1589 
23 5 1653 1645 1581 1589 1654 1646 1582 1590 
23 5 1654 1646 1582 1590 1655 1647 1583 1591 
23 5 1655 1647 1583 1591 1656 1648 1584 1592 
23 5 1656 1648 1584 1592 1657 1649 1585 1593 
23 5 1657 1649 1585 1593 1658 1650 1586 1594 
23 5 1658 1650 1586 1594 1659 1651 1587 1595 
23 5 1659 1651 1587 1595 589 588 580 581 
23 5 270 269 261 262 1660 1652 1588 1596 
23 5 1660 1652 1588 1596 1661 1653 1589 1597 
23 5 1661 1653 1589 1597 1662 1654 1590 1598 
23 5 1662 1654 1590 1598 1663 1655 1591 1599 
23 5 1663 1655 1591 1599 1664 1656 1592 1600 
23 5 1664 1656 1592 1600 1665 1657 1593 1601 
23 5 1665 1657 1593 1601 1666 1658 1594 1602 
23 5 1666 1658 1594 1602 1667 1659 1595 1603 
23 5 1667 1659 1595 1603 590 589 581 582 
23 5 271 270 262 263 1668 1660 1596 1604 
23 5 1668 1660 1596 1604 1669 1661 1597 1605 
23 5 1669 1661 1597 1605 1670 1662 1598 1606 
23 5 1670 1662 1598 1606 1671 1663 1599 1607 
23 5 1671 1663 1599 1607 1672 1664 1600 1608 
23 5 1672 1664 1600 1608 1673 1665 1601 1609 
23 5 1673 1665 1601 1609 1674 1666 1602 1610 
23 5 1674 1666 1602 1610 1675 1667 1603 1611 
23 5 1675 1667 1603 1611 591 590 582 583 
23 5 272 271 263 264 1676 1668 1604 1612 
23 5 1676 1668 1604 1612 1677 1669 1605 1613 
23 5 1677 1669 1605 1613 1678 1670 1606 1614 
23 5 1678 1670 1606 1614 1679 1671 1607 1615 
23 5 1679 1671 1607 1615 1680 1672 1608 1616 
23 5 1680 1672 1608 1616 1681 1673 1609 1617 
23 5 1681 1673 1609 1617 1682 1674 1610 1618 
23 5 1682 1674 1610 1618 1683 1675 1611 1619 
23 5 1683 1675 1611 1619 592 591 583 584 
23 5 273 272 264 265 1684 1676 1612 1620 
23 5 1684 1676 1612 1620 1685 1677 1613 1621 
23 5 1685 1677 1613 1621 1686 1678 1614 1622 
23 5 1686 1678 1614 1622 1687 1679 1615 1623 
23 5 1687 1679 1615 1623 1688 1680 1616 1624 
23 5 1688 1680 1616 1624 1689 1681 1617 1625 
23 5 1689 1681 1617 1625 1690 1682 1618 1626 
23 5 1690 1682 1618 1626 1691 1683 1619 1627 
23 5 1691 1683 1619 1627 593 592 584 585 
23 5 274 273 265 266 1692 1684 1620 1628 
23 5 1692 1684 1620 1628 1693 1685 1621 1629 
23 5 1693 1685 1621 1629 1694 1686 1622 1630 
23 5 1694 1686 1622 1630 1695 1687 1623 1631 
23 5 1695 1687 1623 1631 1696 1688 1624 1632 
23 5 1696 1688 1624 1632 1697 1689 1625 1633 
23 5 1697 1689 1625 1633 1698 1690 1626 1634 
23 5 1698 1690 1626 1634 1699 1691 1627 1635 
23 5 1699 1691 1627 1635 594 593 585 586 
23 5 275 274 266 267 1700 1692 1628 1636 
23 5 1700 1692 1628 1636 1701 1693 1629 1637 
23 5 1701 1693 1629 1637 1702 1694 1630 1638 
23 5 1702 1694 1630 1638 1703 1695 1631 1639 
23 5 1703 1695 1631 1639 1704 1696 1632 1640 
23 5 1704 1696 1632 1640 1705 1697 1633 1641 
23 5 1705 1697 1633 1641 1706 1698 1634 1642 
23 5 1706 1698 1634 1642 1707 1699 1635 1643 
23 5 1707 1699 1635 1643 595 594 586 587 
23 5 64 275 267 63 688 1700 1636 687 
23 5 688 1700 1636 687 696 1701 1637 695 
23 5 696 1701 1637 695 704 1702 1638 703 
23 5 704 1702 1638 703 712 1703 1639 711 
23 5 712 1703 1639 711 720 1704 1640 719 
23 5 720 1704 1640 719 728 1705 1641 727 
23 5 728 1705 1641 727 736 1706 1642 735 
23 5 736 1706 1642 735 744 1707 1643 743 
23 5 744 1707 1643 743 128 595 587 127 
23 5 276 49 48 268 1708 625 624 1644 
23 5 1708 625 624 1644 1709 633 632 1645 
23 5 1709 633 632 1645 1710 641 640 1646 
23 5 1710 641 640 1646 1711 649 648 1647 
23 5 1711 649 648 1647 1712 657 656 1648 
23 5 1712 657 656 1648 1713 665 664 1649 
23 5 1713 665 664 1649 1714 673 672 1650 
23 5 1714 673 672 1650 1715 681 680 1651 
23 5 1715 681 680 1651 596 113 112 588 
23 5 277 276 268 269 1716 1708 1644 1652 
23 5 1716 1708 1644 1652 1717 1709 1645 1653 
23 5 1717 1709 1645 1653 1718 1710 1646 1654 
23 5 1718 1710 1646 1654 1719 1711 1647 1655 
23 5 1719 1711 1647 1655 1720 1712 1648 1656 
23 5 1720 1712 1648 1656 1721 1713 1649 1657 
23 5 1721 1713 1649 1657 1722 1714 1650 1658 
23 5 1722 1714 1650 1658 1723 1715 1651 1659 
23 5 1723 1715 1651 1659 597 596 588 589 
23 5 278 277 269 270 1724 1716 1652 1660 
23 5 1724 1716 1652 1660 1725 1717 1653 1661 
23 5 1725 1717 1653 1661 1726 1718 1654 1662 
23 5 1726 1718 1654 1662 1727 1719 1655 1663 
23 5 1727 1719 1655 1663 1728 1720 1656 1664 
23 5 1728 1720 1656 1664 1729 1721 1657 1665 
23 5 1729 1721 1657 1665 1730 1722 1658 1666 
23 5 1730 1722 1658 1666 1731 1723 1659 1667 
23 5 1731 1723 1659 1667 598 597 589 590 
23 5 279 278 270 271 1732 1724 1660 1668 
23 5 1732 1724 1660 1668 1733 1725 1661 1669 
23 5 1733 1725 1661 1669 1734 1726 1662 1670 
23 5 1734 1726 1662 1670 1735 1727 1663 1671 
23 5 1735 1727 1663 1671 1736 1728 1664 1672 
23 5 1736 1728 1664 1672 1737 1729 1665 1673 
23 5 1737 1729 1665 1673 1738 1730 1666 1674 
23 5 1738 1730 1666 1674 1739 1731 1667 1675 
23 5 1739 1731 1667 1675 599 598 590 591 
23 5 280 279 271 272 1740 1732 1668 1676 
23 5 1740 1732 1668 1676 1741 1733 1669 1677 
23 5 1741 1733 1669 1677 1742 1734 1670 1678 
23 5 1742 1734 1670 1678 1743 1735 1671 1679 
23 5 1743 1735 1671 1679 1744 1736 1672 1680 
23 5 1744 1736 1672 1680 1745 1737 1673 1681 
23 5 1745 1737 1673 1681 1746 1738 1674 1682 
23 5 1746 1738 1674 1682 1747 1739 1675 1683 
23 5 1747 1739 1675 1683 600 599 591 592 
23 5 281 280 272 273 1748 1740 1676 1684 
23 5 1748 1740 1676 1684 1749 1741 1677 1685 
23 5 1749 1741 1677 1685 1750 1742 1678 1686 
23 5 1750 1742 1678 1686 1751 1743 1679 1687 
23 5 1751 1743 1679 1687 1752 1744 1680 1688 
23 5 1752 1744 1680 1688 1753 1745 1681 1689 
23 5 1753 1745 1681 1689 1754 1746 1682 1690 
23 5 1754 1746 1682 1690 1755 1747 1683 1691 
23 5 1755 1747 1683 1691 601 600 592 593 
23 5 282 281 273 274 1756 1748 1684 1692 
23 5 1756 1748 1684 1692 1757 1749 1685 1693 
23 5 1757 1749 1685 1693 1758 1750 1686 1694 
23 5 1758 1750 1686 1694 1759 1751 1687 1695 
23 5 1759 1751 1687 1695 1760 1752 1688 1696 
23 5 1760 1752 1688 1696 1761 1753 1689 1697 
23 5 1761 1753 1689 1697 1762 1754 1690 1698 
23 5 1762 1754 1690 1698 1763 1755 1691 1699 
23 5 1763 1755 1691 1699 602 601 593 594 
23 5 283 282 274 275 1764 1756 1692 1700 
23 5 1764 1756 1692 1700 1765 1757 1693 1701 
23 5 1765 1757 1693 1701 1766 1758 1694 1702 
23 5 1766 1758 1694 1702 1767 1759 1695 1703 
23 5 1767 1759 1695 1703 1768 1760 1696 1704 
23 5 1768 1760 1696 1704 1769 1761 1697 1705 
23 5 1769 1761 1697 1705 1770 1762 1698 1706 
23 5 1770 1762 1698 1706 1771 1763 1699 1707 
23 5 1771 1763 1699 1707 603 602 594 595 
23 5 65 283 275 64 689 1764 1700 688 
23 5 689 1764 1700 688 697 1765 1701 696 
23 5 697 1765 1701 696 705 1766 1702 704 
23 5 705 1766 1702 704 713 1767 1703 712 
23 5 713 1767 1703 712 721 1768 1704 720 
23 5 721 1768 1704 720 729 1769 1705 728 
23 5 729 1769 1705 728 737 1770 1706 736 
23 5 737 1770 1706 736 745 1771 1707 744 
23 5 745 1771 1707 744 129 603 595 128 
23 5 284 50 49 276 1772 626 625 1708 
23 5 1772 626 625 1708 1773 634 633 1709 
23 5 1773 634 633 1709 1774 642 641 1710 
23 5 1774 642 641 1710 1775 650 649 1711 
23 5 1775 650 649 1711 1776 658 657 1712 
23 5 1776 658 657 1712 1777 666 665 1713 
23 5 1777 666 665 1713 1778 674 673 1714 
23 5 1778 674 673 1714 1779 682 681 1715 
23 5 1779 682 681 1715 604 114 113 596 
23 5 285 284 276 277 1780 1772 1708 1716 
23 5 1780 1772 1708 1716 1781 1773 1709 1717 
23 5 1781 1773 1709 1717 1782 1774 1710 1718 
23 5 1782 1774 1710 1718 1783 1775 1711 1719 
23 5 1783 1775 1711 1719 1784 1776 1712 1720 
23 5 1784 1776 1712 1720 1785 1777 1713 1721 
23 5 1785 1777 1713 1721 1786 1778 1714 1722 
23 5 1786 1778 1714 1722 1787 1779 1715 1723 
23 5 1787 1779 1715 1723 605 604 596 597 
23 5 286 285 277 278 1788 1780 1716 1724 
23 5 1788 1780 1716 1724 1789 1781 1717 1725 
23 5 1789 1781 1717 1725 1790 1782 1718 1726 
23 5 1790 1782 1718 1726 1791 1783 1719 1727 
23 5 1791 1783 1719 1727 1792 1784 1720 1728 
23 5 1792 1784 1720 1728 1793 1785 1721 1729 
23 5 1793 1785 1721 1729 1794 1786 1722 1730 
23 5 1794 1786 1722 1730 1795 1787 1723 1731 
23 5 1795 1787 1723 1731 606 605 597 598 
23 5 287 286 278 279 1796 1788 1724 1732 
23 5 1796 1788 1724 1732 1797 1789 1725 1733 
23 5 1797 1789 1725 1733 1798 1790 1726 1734 
23 5 1798 1790 1726 1734 1799 1791 1727 1735 
23 5 1799 1791 1727 1735 1800 1792 1728 1736 
23 5 1800 1792 1728 1736 1801 1793 1729 1737 
23 5 1801 1793 1729 1737 1802 1794 1730 1738 
23 5 1802 1794 1730 1738 1803 1795 1731 1739 
23 5 1803 1795 1731 1739 607 606 598 599 
23 5 288 287 279 280 1804 1796 1732 1740 
23 5 1804 1796 1732 1740 1805 1797 1733 1741 
23 5 1805 1797 1733 1741 1806 1798 1734 1742 
23 5 1806 1798 1734 1742 1807 1799 1735 1743 
23 5 1807 1799 1735 1743 1808 1800 1736 1744 
23 5 1808 1800 1736 1744 1809 1801 1737 1745 
23 5 1809 1801 1737 1745 1810 1802 1738 1746 
23 5 1810 1802 1738 1746 1811 1803 1739 1747 
23 5 1811 1803 1739 1747 608 607 599 600 
23 5 289 288 280 281 1812 1804 1740 1748 
23 5 1812 1804 1740 1748 1813 1805 1741 1749 
23 5 1813 1805 1741 1749 1814 1806 1742 1750 
23 5 1814 1806 1742 1750 1815 1807 1743 1751 
23 5 1815 1807 1743 1751 1816 1808 1744 1752 
23 5 1816 1808 1744 1752 1817 1809 1745 1753 
23 5 1817 1809 1745 1753 1818 1810 1746 1754 
23 5 1818 1810 1746 1754 1819 1811 1747 1755 
23 5 1819 1811 1747 1755 609 608 600 601 
23 5 290 289 281 282 1820 1812 1748 1756 
23 5 1820 1812 1748 1756 1821 1813 1749 1757 
23 5 1821 1813 1749 1757 1822 1814 1750 1758 
23 5 1822 1814 1750 1758 1823 1815 1751 1759 
23 5 1823 1815 1751 1759 1824 1816 1752 1760 
23 5 1824 1816 1752 1760 1825 1817 1753 1761 
23 5 1825 1817 1753 1761 1826 1818 1754 1762 
23 5 1826 1818 1754 1762 1827 1819 1755 1763 
23 5 1827 1819 1755 1763 610 609 601 602 
23 5 291 290 282 283 1828 1820 1756 1764 
23 5 1828 1820 1756 1764 1829 1821 1757 1765 
23 5 1829 1821 1757 1765 1830 1822 1758 1766 
23 5 1830 1822 1758 1766 1831 1823 1759 1767 
23 5 1831 1823 1759 1767 1832 1824 1760 1768 
23 5 1832 1824 1760 1768 1833 1825 1761 1769 
23 5 1833 1825 1761 1769 1834 1826 1762 1770 
23 5 1834 1826 1762 1770 1835 1827 1763 1771 
23 5 1835 1827 1763 1771 611 610 602 603 
23 5 66 291 283 65 690 1828 1764 689 
23 5 690 1828 1764 689 698 1829 1765 697 
23 5 698 1829 1765 697 706 1830 1766 705 
23 5 706 1830 1766 705 714 1831 1767 713 
23 5 714 1831 1767 713 722 1832 1768 721 
23 5 722 1832 1768 721 730 1833 1769 729 
23 5 730 1833 1769 729 738 1834 1770 737 
23 5 738 1834 1770 737 746 1835 1771 745 
23 5 746 1835 1771 745 130 611 603 129 
23 5 292 51 50 284 1836 627 626 1772 
23 5 1836 627 626 1772 1837 635 634 1773 
23 5 1837 635 634 1773 1838 643 642 1774 
23 5 1838 643 642 1774 1839 651 650 1775 
23 5 1839 651 650 1775 1840 659 658 1776 
23 5 1840 659 658 1776 1841 667 666 1777 
23 5 1841 667 666 1777 1842 675 674 1778 
23 5 1842 675 674 1778 1843 683 682 1779 
23 5 1843 683 682 1779 612 115 114 604 
23 5 293 292 284 285 1844 1836 1772 1780 
23 5 1844 1836 1772 1780 1845 1837 1773 1781 
23 5 1845 1837 1773 1781 1846 1838 1774 1782 
23 5 1846 1838 1774 1782 1847 1839 1775 1783 
23 5 1847 1839 1775 1783 1848 1840 1776 1784 
23 5 1848 1840 1776 1784 1849 1841 1777 1785 
23 5 1849 1841 1777 1785 1850 1842 1778 1786 
23 5 1850 1842 1778 1786 1851 1843 1779 1787 
23 5 1851 1843 1779 1787 613 612 604 605 
23 5 294 293 285 286 1852 1844 1780 1788 
23 5 1852 1844 1780 1788 1853 1845 1781 1789 
23 5 1853 1845 1781 1789 1854 1846 1782 1790 
23 5 1854 1846 1782 1790 1855 1847 1783 1791 
23 5 1855 1847 1783 1791 1856 1848 1784 1792 
23 5 1856 1848 1784 1792 1857 1849 1785 1793 
23 5 1857 1849 1785 1793 1858 1850 1786 1794 
23 5 1858 1850 1786 1794 1859 1851 1787 1795 
23 5 1859 1851 1787 1795 614 613 605 606 
23 5 295 294 286 287 1860 1852 1788 1796 
23 5 1860 1852 1788 1796 1861 1853 1789 1797 
23 5 1861 1853 1789 1797 1862 1854 1790 1798 
23 5 1862 1854 1790 1798 1863 1855 1791 1799 
23 5 1863 1855 1791 1799 1864 1856 1792 1800 
23 5 1864 1856 1792 1800 1865 1857 1793 1801 
23 5 1865 1857 1793 1801 1866 1858 1794 1802 
23 5 1866 1858 1794 1802 1867 1859 1795 1803 
23 5 1867 1859 1795 1803 615 614 606 607 
23 5 296 295 287 288 1868 1860 1796 1804 
23 5 1868 1860 1796 1804 1869 1861 1797 1805 
23 5 1869 1861 1797 1805 1870 1862 1798 1806 
23 5 1870 1862 1798 1806 1871 1863 1799 1807 
23 5 1871 1863 1799 1807 1872 1864 1800 1808 
23 5 1872 1864 1800 1808 1873 1865 1801 1809 
23 5 1873 1865 1801 1809 1874 1866 1802 1810 
23 5 1874 1866 1802 1810 1875 1867 1803 1811 
23 5 1875 1867 1803 1811 616 615 607 608 
23 5 297 296 288 289 1876 1868 1804 1812 
23 5 1876 1868 1804 1812 1877 1869 1805 1813 
23 5 1877 1869 1805 1813 1878 1870 1806 1814 
23 5 1878 1870 1806 1814 1879 1871 1807 1815 
23 5 1879 1871 1807 1815 1880 1872 1808 1816 
23 5 1880 1872 1808 1816 1881 1873 1809 1817 
23 5 1881 1873 1809 1817 1882 1874 1810 1818 
23 5 1882 1874 1810 1818 1883 1875 1811 1819 
23 5 1883 1875 1811 1819 617 616 608 609 
23 5 298 297 289 290 1884 1876 1812 1820 
23 5 1884 1876 1812 1820 1885 1877 1813 1821 
23 5 1885 1877 1813 1821 1886 1878 1814 1822 
23 5 1886 1878 1814 1822 1887 1879 1815 1823 
23 5 1887 1879 1815 1823 1888 1880 1816 1824 
23 5 1888 1880 1816 1824 1889 1881 1817 1825 
23 5 1889 1881 1817 1825 1890 1882 1818 1826 
23 5 1890 1882 1818 1826 1891 1883 1819 1827 
23 5 1891 1883 1819 1827 618 617 609 610 
23 5 299 298 290 291 1892 1884 1820 1828 
23 5 1892 1884 1820 1828 1893 1885 1821 1829 
23 5 1893 1885 1821 1829 1894 1886 1822 1830 
23 5 1894 1886 1822 1830 1895 1887 1823 1831 
23 5 1895 1887 1823 1831 1896 1888 1824 1832 
23 5 1896 1888 1824 1832 1897 1889 1825 1833 
23 5 1897 1889 1825 1833 1898 1890 1826 1834 
23 5 1898 1890 1826 1834 1899 1891 1827 1835 
23 5 1899 1891 1827 1835 619 618 610 611 
23 5 67 299 291 66 691 1892 1828 690 
23 5 691 1892 1828 690 699 1893 1829 698 
23 5 699 1893 1829 698 707 1894 1830 706 
23 5 707 1894 1830 706 715 1895 1831 714 
23 5 715 1895 1831 714 723 1896 1832 722 
23 5 723 1896 1832 722 731 1897 1833 730 
23 5 731 1897 1833 730 739 1898 1834 738 
23 5 739 1898 1834 738 747 1899 1835 746 
23 5 747 1899 1835 746 131 619 611 130 
23 5 52 5 51 292 812 148 627 1836 
23 5 812 148 627 1836 813 149 635 1837 
23 5 813 149 635 1837 814 150 643 1838 
23 5 814 150 643 1838 815 151 651 1839 
23 5 815 151 651 1839 816 152 659 1840 
23 5 816 152 659 1840 817 153 667 1841 
23 5 817 153 667 1841 818 154 675 1842 
23 5 818 154 675 1842 819 155 683 1843 
23 5 819 155 683 1843 116 8 115 612 
23 5 53 52 292 293 820 812 1836 1844 
23 5 820 812 1836 1844 821 813 1837 1845 
23 5 821 813 1837 1845 822 814 1838 1846 
23 5 822 814 1838 1846 823 815 1839 1847 
23 5 823 815 1839 1847 824 816 1840 1848 
23 5 824 816 1840 1848 825 817 1841 1849 
23 5 825 817 1841 1849 826 818 1842 1850 
23 5 826 818 1842 1850 827 819 1843 1851 
23 5 827 819 1843 1851 117 116 612 613 
23 5 54 53 293 294 828 820 1844 1852 
23 5 828 820 1844 1852 829 821 1845 1853 
23 5 829 821 1845 1853 830 822 1846 1854 
23 5 830 822 1846 1854 831 823 1847 1855 
23 5 831 823 1847 1855 832 824 1848 1856 
23 5 832 824 1848 1856 833 825 1849 1857 
23 5 833 825 1849 1857 834 826 1850 1858 
23 5 834 826 1850 1858 835 827 1851 1859 
23 5 835 827 1851 1859 118 117 613 614 
23 5 55 54 294 295 836 828 1852 1860 
23 5 836 828 1852 1860 837 829 1853 1861 
23 5 837 829 1853 1861 838 830 1854 1862 
23 5 838 830 1854 1862 839 831 1855 1863 
23 5 839 831 1855 1863 840 832 1856 1864 
23 5 840 832 1856 1864 841 833 1857 1865 
23 5 841 833 1857 1865 842 834 1858 1866 
23 5 842 834 1858 1866 843 835 1859 1867 
23 5 843 835 1859 1867 119 118 614 615 
23 5 56 55 295 296 844 836 1860 1868 
23 5 844 836 1860 1868 845 837 1861 1869 
23 5 845 837 1861 1869 846 838 1862 1870 
23 5 846 838 1862 1870 847 839 1863 1871 
23 5 847 839 1863 1871 848 840 1864 1872 
23 5 848 840 1864 1872 849 841 1865 1873 
23 5 849 841 1865 1873 850 842 1866 1874 
23 5 850 842 1866 1874 851 843 1867 1875 
23 5 851 843 1867 1875 120 119 615 616 
23 5 57 56 296 297 852 844 1868 1876 
23 5 852 844 1868 1876 853 845 1869 1877 
23 5 853 845 1869 1877 854 846 1870 1878 
23 5 854 846 1870 1878 855 847 1871 1879 
23 5 855 847 1871 1879 856 848 1872 1880 
23 5 856 848 1872 1880 857 849 1873 1881 
23 5 857 849 1873 1881 858 850 1874 1882 
23 5 858 850 1874 1882 859 851 1875 1883 
23 5 859 851 1875 1883 121 120 616 617 
23 5 58 57 297 298 860 852 1876 1884 
23 5 860 852 1876 1884 861 853 1877 1885 
23 5 861 853 1877 1885 862 854 1878 1886 
23 5 862 854 1878 1886 863 855 1879 1887 
23 5 863 855 1879 1887 864 856 1880 1888 
23 5 864 856 1880 1888 865 857 1881 1889 
23 5 865 857 1881 1889 866 858 1882 1890 
23 5 866 858 1882 1890 867 859 1883 1891 
23 5 867 859 1883 1891 122 121 617 618 
23 5 59 58 298 299 868 860 1884 1892 
23 5 868 860 1884 1892 869 861 1885 1893 
23 5 869 861 1885 1893 870 862 1886 1894 
23 5 870 862 1886 1894 871 863 1887 1895 
23 5 871 863 1887 1895 872 864 1888 1896 
23 5 872 864 1888 1896 873 865 1889 1897 
23 5 873 865 1889 1897 874 866 1890 1898 
23 5 874 866 1890 1898 875 867 1891 1899 
23 5 875 867 1891 1899 123 122 618 619 
23 5 6 59 299 67 164 868 1892 691 
23 5 164 868 1892 691 165 869 1893 699 
23 5 165 869 1893 699 166 870 1894 707 
23 5 166 870 1894 707 167 871 1895 715 
23 5 167 871 1895 715 168 872 1896 723 
23 5 168 872 1896 723 169 873 1897 731 
23 5 169 873 1897 731 170 874 1898 739 
23 5 170 874 1898 739 171 875 1899 747 
23 5 171 875 1899 747 10 123 619 131 
